0.137806 0.961865 0.152619
0.149780 0.949345 0.094519
0.168502 0.945270 0.111327
0.142989 0.947589 0.105543
0.139937 0.947847 0.128379
0.142162 0.946437 0.150788
0.209222 0.934839 0.178608
0.188533 0.939416 0.193459
0.202739 0.934905 0.210079
0.154430 0.950300 0.098654
0.214239 0.936300 0.106610
0.212843 0.939251 0.113744
0.249790 0.935666 0.121997
0.178805 0.940456 0.183434
0.213173 0.937576 0.088794
0.199988 0.938994 0.157436
0.191343 0.939499 0.143562
0.229676 0.942408 0.078621
0.201429 0.935964 0.131929
0.184848 0.946892 0.085314
0.160849 0.944437 0.111349
0.155322 0.952526 0.072482
0.152603 0.939950 0.213884
0.162202 0.937442 0.196709
0.195255 0.934088 0.227610
0.175864 0.935572 0.221884
0.177251 0.944263 0.141624
0.128691 0.960459 0.091832
0.129951 0.962971 0.077986
0.244799 0.934197 0.178582
0.292001 0.934121 0.108232
0.168207 0.943247 0.159870
0.130279 0.954795 0.093393
0.140511 0.950748 0.096318
0.111860 0.968107 0.082988
0.100745 0.960310 0.123852
0.086892 0.968821 0.084269
0.136705 0.946398 0.150751
0.119584 0.939072 0.287069
0.086877 0.962886 0.164395
0.116299 0.959619 0.095079
0.106351 0.961411 0.095071
0.141000 0.931947 0.269763
0.231595 0.906846 0.056556
0.209289 0.931181 0.241157
0.225474 0.930751 0.188819
0.160899 0.943150 0.156605
0.166863 0.945104 0.136587
0.232538 0.931026 0.158392
0.137114 0.936731 0.185834
0.122159 0.950741 0.177735
0.110188 0.941128 0.246390
0.289462 0.929714 0.179954
0.085928 0.961571 0.138285
0.087292 0.952815 0.229851
0.089862 0.951572 0.165779
0.100649 0.947291 0.088316
0.020231 0.986664 0.059897
0.198702 0.945319 0.065856
0.185376 0.918953 0.143527
0.182308 0.917801 0.149606
0.172203 0.918322 0.179305
0.157825 0.926435 0.149871
0.154491 0.923198 0.156301
0.151542 0.960426 0.105495
0.239506 0.952021 0.087317
0.160974 0.964252 0.079541
0.152343 0.962455 0.048366
0.128420 0.940506 0.094249
0.135378 0.959111 0.052193
0.129461 0.951425 0.061290
0.165252 0.941358 0.028112
0.162297 0.941551 0.202393
0.204147 0.936962 0.219239
0.148563 0.946786 0.180020
0.129231 0.938687 0.262599
0.144392 0.949039 0.183781
0.145491 0.947593 0.176181
0.137331 0.953203 0.115180
0.135971 0.951741 0.117114
0.209007 0.940603 0.113320
0.141501 0.937265 0.256351
0.112022 0.957692 0.081834
0.096302 0.967068 0.074944
0.235901 0.939017 0.116796
0.238310 0.941872 0.105670
0.231722 0.942473 0.107310
0.190522 0.944935 0.101930
0.152365 0.938332 0.117023
0.200356 0.942828 0.110817
0.114744 0.955869 0.146623
0.087840 0.966088 0.075592
0.121963 0.953374 0.179394
0.108692 0.944881 0.187061
0.245706 0.942152 0.105601
0.109633 0.943915 0.223543
0.124154 0.955172 0.127282
0.223307 0.946630 0.095578
0.169576 0.950719 0.103337
0.177945 0.945669 0.097566
0.118271 0.953519 0.131611
0.195399 0.938303 0.166332
0.073578 0.959795 0.112779
0.079722 0.958984 0.112354
0.252991 0.942396 0.097100
0.184591 0.948477 0.080013
0.092673 0.944353 0.221177
0.080985 0.955353 0.130961
0.078356 0.950142 0.132862
0.225689 0.944790 0.121035
0.196847 0.944330 0.133430
0.157856 0.947044 0.177772
0.167720 0.950829 0.146989
0.187928 0.945670 0.131088
0.172793 0.945394 0.142654
0.138440 0.920109 0.274213
0.315659 0.913268 0.197769
0.210901 0.945737 0.150937
0.184718 0.943286 0.166908
0.208964 0.942506 0.173830
0.138469 0.935361 0.125735
0.111754 0.936545 0.134736
0.077590 0.943975 0.142828
0.100790 0.943046 0.181551
0.100922 0.948603 0.138951
0.088722 0.935397 0.218036
0.069356 0.948080 0.183785
0.143775 0.878017 0.199487
0.139115 0.872267 0.250455
0.195673 0.873507 0.134013
0.270890 0.872673 0.088615
0.178272 0.891255 0.079034
0.167666 0.878639 0.104460
0.171958 0.880757 0.085016
0.137466 0.882030 0.103912
0.235554 0.875665 0.075773
0.226038 0.926591 0.138387
0.159165 0.936991 0.130931
0.169134 0.932595 0.135369
0.169336 0.937607 0.124389
0.172095 0.926611 0.125950
0.183115 0.925538 0.193680
0.089478 0.972609 0.048870
0.107039 0.950158 0.141574
0.121971 0.948331 0.162125
0.102809 0.951983 0.188716
0.104782 0.953615 0.179598
0.089792 0.952332 0.186941
0.085820 0.965096 0.212412
0.106605 0.967707 0.063479
0.098025 0.919451 0.243439
0.125715 0.911284 0.366026
0.084816 0.960546 0.085003
0.259468 0.919153 0.260923
0.136521 0.911443 0.356721
