0.093944 0.000000 0.964747
0.777724 0.395047 0.000000
0.218034 0.613482 0.036927
0.193493 0.891249 0.000000
0.484205 0.000000 0.387263
0.231853 0.359747 0.174958
0.666429 0.000000 0.119862
0.238677 0.573577 0.238744
0.217517 0.908079 0.000000
0.410039 0.662398 0.020846
0.657453 0.286533 0.089370
0.269892 0.456577 0.036448
0.487598 0.304493 0.056830
0.234977 0.480175 0.121907
0.319194 0.312110 0.113526
0.000000 0.319775 0.672040
0.000000 0.289796 0.656671
0.227653 0.943108 0.000000
0.000000 0.277675 0.608755
0.498381 0.307363 0.039351
0.441022 0.381271 0.039637
0.530895 0.507806 0.000000
0.378672 0.305545 0.103970
0.212170 0.000140 0.729705
0.202985 0.686682 0.000000
0.800821 0.000000 0.069024
0.000000 0.334648 0.574127
0.227395 0.000000 0.829631
0.471740 0.304265 0.035825
0.253058 0.523570 0.040954
0.003312 0.273026 0.476389
