0.801611 0.000000 0.589795
0.803453 0.000000 0.586180
0.803834 0.032907 0.585111
0.803471 0.059079 0.585497
0.829713 0.000000 0.547123
0.829557 0.000000 0.549611
0.827642 0.000000 0.550337
0.829115 0.011788 0.549165
0.830093 0.000000 0.547033
0.828709 0.026026 0.546148
0.830987 0.004737 0.545141
0.831795 0.027474 0.543746
0.830965 0.035762 0.543773
0.832044 0.022597 0.542665
0.832371 0.000000 0.542610
0.831907 0.000000 0.543288
0.827447 0.000000 0.555800
0.829963 0.000000 0.551566
0.828483 0.013896 0.553952
0.830775 0.000000 0.549623
0.833236 0.000000 0.548290
0.826158 0.017498 0.556944
0.826060 0.058454 0.555578
0.827157 0.017976 0.554382
0.824882 0.031684 0.556693
0.833736 0.006662 0.547804
0.833466 0.008043 0.546930
0.833918 0.000000 0.546580
0.825730 0.026458 0.556277
0.824465 0.058870 0.556570
0.822740 0.000000 0.563403
0.833037 0.032500 0.547301
0.823767 0.000000 0.560066
0.822095 0.000313 0.563482
0.822005 0.001753 0.564391
0.822781 0.012566 0.562176
0.832588 0.004524 0.548040
0.820780 0.000000 0.565256
0.820377 0.000000 0.565515
0.820480 0.009075 0.564698
0.829525 0.000000 0.552859
0.828996 0.015731 0.552696
0.829360 0.047598 0.552008
0.830420 0.000000 0.550824
0.831505 0.000000 0.548322
0.823930 0.000000 0.557254
0.821465 0.059545 0.563188
0.822875 0.000000 0.561724
0.831316 0.010744 0.547932
0.823335 0.012884 0.558508
0.823333 0.037554 0.559269
0.828623 0.031221 0.553122
0.826574 0.049285 0.553595
0.822802 0.018660 0.561009
0.821038 0.080897 0.560847
0.819570 0.000000 0.562715
0.697767 0.000000 0.605235
0.697369 0.049575 0.603809
0.697755 0.012224 0.605089
0.697970 0.000000 0.604415
0.697921 0.000000 0.604905
0.696404 0.000000 0.605753
0.824113 0.000000 0.554662
0.821138 0.000000 0.562484
0.822371 0.002888 0.560628
0.822359 0.003321 0.558595
0.821507 0.046194 0.560357
0.818640 0.042052 0.563885
0.818390 0.000000 0.564828
0.817865 0.000000 0.564895
0.822542 0.000000 0.555679
0.821559 0.000000 0.553306
0.822411 0.034921 0.552409
0.821580 0.000000 0.552866
0.820989 0.019381 0.554806
0.825942 0.001940 0.557835
0.825787 0.000000 0.558559
0.825189 0.026050 0.555323
0.827064 0.019421 0.553036
0.827389 0.001428 0.555282
0.827242 0.000000 0.555773
0.827048 0.000550 0.556261
0.826922 0.000000 0.556423
0.826008 0.000000 0.556550
0.825540 0.017053 0.555912
0.824576 0.026491 0.558367
0.825131 0.053593 0.556046
0.825132 0.029285 0.555849
0.827934 0.000000 0.552082
0.831535 0.006120 0.550070
0.827083 0.008624 0.551881
0.828261 0.000000 0.551213
0.824839 0.010303 0.557212
0.831549 0.000000 0.549912
0.830354 0.014866 0.550168
0.830326 0.020660 0.548518
0.830119 0.016558 0.548977
0.829675 0.000000 0.550702
0.829162 0.000000 0.550810
0.824403 0.043260 0.556747
0.832862 0.000000 0.545657
0.834975 0.000000 0.543951
0.835677 0.003147 0.541642
0.835107 0.000000 0.542500
0.834576 0.009146 0.543597
0.833591 0.009494 0.543890
0.833431 0.000000 0.544800
0.833422 0.000000 0.545554
0.835473 0.019444 0.542470
0.837306 0.001180 0.539900
0.838967 0.009783 0.537142
0.839011 0.000000 0.538124
0.839038 0.000000 0.537350
0.838478 0.004754 0.537379
0.825610 0.000000 0.558750
0.832564 0.000000 0.548740
0.832441 0.001924 0.547576
0.823065 0.000188 0.561866
0.830989 0.039323 0.547734
0.831880 0.010556 0.547859
0.824854 0.000000 0.559404
0.822525 0.003357 0.561800
0.832364 0.021146 0.544816
0.837138 0.029754 0.539698
0.834557 0.000000 0.544785
0.833744 0.000000 0.545339
0.833598 0.021239 0.544507
0.764891 0.000000 0.569023
0.762752 0.000000 0.569963
0.763276 0.004784 0.569709
0.763361 0.018431 0.569381
0.831847 0.000000 0.546352
0.831719 0.017562 0.545309
0.832321 0.000000 0.544635
0.832338 0.022243 0.544566
0.832564 0.000000 0.543442
0.831755 0.039193 0.543553
0.824720 0.000000 0.560841
0.834768 0.000000 0.542533
0.830914 0.000000 0.548055
0.855334 0.000000 0.570741
0.855302 0.000000 0.570957
0.865339 0.010664 0.554931
0.866381 0.015388 0.553939
0.855067 0.013595 0.570989
0.855271 0.000000 0.571385
0.854478 0.018203 0.571215
0.867086 0.000000 0.553999
0.865823 0.000000 0.554025
0.865735 0.051178 0.553936
0.851097 0.038842 0.577417
0.851152 0.000000 0.577601
0.850858 0.000000 0.577764
0.851301 0.000000 0.577061
0.850392 0.000000 0.578179
0.861533 0.000000 0.561244
0.861539 0.000000 0.560601
0.857009 0.026022 0.569120
0.855807 0.000000 0.570194
0.859623 0.019781 0.564404
0.860046 0.020991 0.563544
0.860187 0.021186 0.563042
0.859843 0.000000 0.563892
0.850207 0.009730 0.579433
0.861329 0.008070 0.561307
0.861429 0.000000 0.561263
0.860412 0.000000 0.563124
0.861147 0.000000 0.561903
0.861069 0.000000 0.562439
0.819143 0.000000 0.550030
0.827300 0.055591 0.552713
0.826353 0.034159 0.553087
0.827418 0.000000 0.552451
0.825173 0.000000 0.553254
0.823501 0.022068 0.558105
0.828826 0.000000 0.548912
0.820581 0.000000 0.560908
0.818618 0.000000 0.561222
0.819296 0.000000 0.560954
0.818452 0.000000 0.562906
0.816640 0.000000 0.563174
0.818148 0.015986 0.560297
0.817385 0.065804 0.559316
0.816104 0.014464 0.563984
0.817462 0.019424 0.558425
0.831171 0.000000 0.552245
0.829132 0.000000 0.553068
0.829008 0.000000 0.553088
0.827628 0.013385 0.556507
0.827439 0.020523 0.556880
0.826718 0.045849 0.555585
0.826883 0.025624 0.555260
0.828140 0.000000 0.553096
0.827848 0.000000 0.553427
0.822423 0.014163 0.562978
0.831933 0.000000 0.548405
0.832157 0.000000 0.547257
0.832335 0.000000 0.546919
0.823437 0.000000 0.560064
0.832730 0.000000 0.546617
0.833036 0.000000 0.546349
0.833364 0.005587 0.546084
0.835178 0.000000 0.542928
0.836044 0.000000 0.541572
0.834929 0.013146 0.541788
0.832629 0.014478 0.546451
0.835199 0.000000 0.543950
0.834740 0.006793 0.543966
0.834778 0.000000 0.544255
0.835708 0.000000 0.542963
0.830690 0.020661 0.550344
0.830569 0.000000 0.550818
0.834200 0.018503 0.544599
0.833282 0.000000 0.545310
0.830313 0.031250 0.550833
0.830395 0.022613 0.550861
0.836401 0.000000 0.541373
0.830085 0.000000 0.551056
0.832751 0.021749 0.544037
0.830795 0.000000 0.548466
0.831441 0.000000 0.545753
0.831427 0.041427 0.547628
0.827327 0.000000 0.555606
0.826920 0.026783 0.555496
0.825162 0.003059 0.557142
0.835497 0.012837 0.542193
0.827230 0.007604 0.553042
0.827501 0.000000 0.553890
0.827217 0.050059 0.554314
0.826686 0.029062 0.554673
0.827742 0.000000 0.553412
0.835943 0.006429 0.542121
0.828034 0.048480 0.552626
0.828846 0.002031 0.552506
0.837202 0.000000 0.541061
0.835666 0.019865 0.541696
0.829464 0.000000 0.552353
0.829562 0.000000 0.551963
0.830899 0.030245 0.548034
0.826786 0.000000 0.556926
0.826866 0.000000 0.555783
0.823415 0.000000 0.554828
0.825053 0.000000 0.552197
0.825329 0.000000 0.550191
0.825477 0.000000 0.549119
0.825260 0.010372 0.549949
0.824829 0.030904 0.549654
0.823213 0.018892 0.553230
0.824032 0.000000 0.552537
0.824176 0.006201 0.552108
0.823682 0.043860 0.551818
0.826189 0.000000 0.532908
0.806548 0.004377 0.573418
0.819697 0.011939 0.554483
0.819201 0.000000 0.555640
0.819531 0.061635 0.552773
0.820768 0.000000 0.550311
0.820171 0.000000 0.550979
0.824456 0.001610 0.558364
0.828451 0.000000 0.550486
0.824580 0.000000 0.557055
0.825620 0.002971 0.556772
0.825050 0.011879 0.556647
0.827490 0.009730 0.550397
0.825881 0.000000 0.555156
0.825998 0.000000 0.551594
0.828678 0.000000 0.550220
0.828265 0.000000 0.550279
0.829770 0.000000 0.550473
0.829372 0.023769 0.548001
0.828804 0.030304 0.549971
0.829345 0.006550 0.550679
0.819789 0.000000 0.552349
0.819734 0.012974 0.550446
0.819984 0.010015 0.549921
0.822341 0.000000 0.546014
0.820095 0.000000 0.550831
0.820326 0.001254 0.549941
0.826055 0.000000 0.539180
0.825884 0.089642 0.538910
0.832421 0.000000 0.543590
0.832547 0.000000 0.542223
0.821214 0.000000 0.564631
0.819697 0.000000 0.566466
0.818699 0.007406 0.567277
0.819540 0.044237 0.566428
