0.236005 0.675929 0.008070
0.242507 0.690776 0.000000
0.275161 0.232467 0.304353
0.602894 0.000000 0.521885
0.793396 0.000000 0.223417
0.664374 0.000000 0.331785
0.215293 0.000000 0.692538
0.461795 0.052434 0.261903
0.280463 0.238086 0.234904
0.347746 0.147010 0.356876
0.292058 0.191922 0.475908
0.278724 0.158757 0.319231
0.000000 0.911386 0.000000
0.405993 0.041436 0.373634
0.261701 0.225503 0.322687
0.000000 0.769436 0.000000
0.324036 0.198249 0.449605
0.608312 0.000000 0.608598
0.347696 0.089432 0.430464
0.224741 0.000000 0.905526
0.000000 0.159316 0.812140
0.000000 0.814999 0.239158
0.225491 0.000000 0.845220
0.893688 0.000000 0.269064
0.721747 0.180894 0.000000
0.650678 0.000000 0.243100
0.000000 0.558159 0.273049
0.794533 0.128381 0.000000
0.783890 0.157197 0.000000
0.290231 0.186799 0.362713
0.866178 0.126927 0.000000
0.339393 0.000000 0.519026
0.286295 0.248234 0.333459
0.246662 0.000000 0.913653
0.215352 0.145787 0.358222
