0.000000 0.000000 0.000000 0.000000 0.000000 0.000000 0.930669 0.000000 0.281096 0.000000
0.000000 0.129375 0.000000 0.105833 0.029891 0.759492 0.003536 0.000000 0.082186 0.079763
0.051435 0.339911 0.000000 0.228721 0.010422 0.028639 0.565023 0.027392 0.000000 0.046004
0.021956 0.432025 0.053875 0.000000 0.000000 0.000000 0.358098 0.000000 0.098532 0.424994
0.000000 0.000000 0.000000 0.392255 0.000000 0.000000 0.289969 0.000000 0.000000 0.641771
0.000000 0.000000 0.000000 0.478169 0.000000 0.000000 0.299937 0.000000 0.000000 0.527535
0.035258 1.190878 0.000000 0.062868 0.000000 0.190874 0.000000 0.061724 0.000000 0.022912
0.020151 0.029719 0.000000 0.023909 0.623320 0.089522 0.058975 0.000000 0.412734 0.049615
0.061775 0.389191 0.092824 0.000000 0.015112 0.065285 0.441397 0.000000 0.000000 0.417007
0.000000 0.000000 0.000000 0.552481 0.000000 0.000000 0.308106 0.020155 0.031636 0.491006
0.000000 0.133592 0.121417 0.000000 0.007886 0.009469 0.299413 0.669645 0.000000 0.243411
0.000012 0.008320 0.004944 0.028591 0.441279 0.031132 0.207876 0.479901 0.000000 0.319521
0.000000 0.000000 0.000000 0.000000 0.451311 0.025409 0.103447 0.562270 0.000000 0.280449
0.000000 0.000000 0.000000 0.000000 0.400162 0.037892 0.210079 0.519377 0.000000 0.267848
0.010680 0.026577 0.020737 0.003564 0.001689 0.000000 0.071024 0.003122 0.012969 1.305951
0.017304 0.294815 0.240823 0.134287 0.000000 0.000000 0.245065 0.037929 0.000000 0.614180
0.001488 0.311198 0.000000 0.279582 0.000000 0.023186 0.000000 0.000000 0.673319 0.050277
0.101603 0.242159 0.012860 0.766503 0.000000 0.000000 0.000000 0.004229 0.200839 0.227986
0.007308 0.085639 0.526840 0.000000 0.026423 0.000000 0.061906 0.016699 0.355136 0.235983
0.000000 0.812841 0.014328 0.169608 0.000000 0.000000 0.000000 0.070261 0.011796 0.165139
0.357582 0.059270 0.437612 0.011719 0.000000 0.000000 0.009305 0.143785 0.222252 0.183626
0.000000 0.884516 0.216114 0.000000 0.000000 0.000000 0.000000 0.000000 0.065783 0.303173
0.000000 0.871663 0.118364 0.000000 0.000000 0.000000 0.000000 0.000000 0.147402 0.189045
0.000000 0.000000 0.681767 0.019924 0.000000 0.000000 0.430181 0.040757 0.039769 0.130244
0.000000 0.000000 0.000000 0.000000 0.000000 0.294981 0.893677 0.000000 0.000000 0.011021
0.000000 0.567142 0.000000 0.000000 0.000000 0.000000 0.000000 0.011896 0.645313 0.209285
0.032590 0.481583 0.122433 0.033851 0.000000 0.000000 0.105230 0.000000 0.265612 0.225437
0.000000 0.529114 0.000000 0.105461 0.000000 0.000000 0.609665 0.053667 0.031757 0.142978
0.000000 0.000000 0.000000 0.501361 0.000000 0.027370 0.049707 0.000000 0.436298 0.263291
0.000000 0.000000 0.000000 0.393987 0.020677 0.000000 0.052946 0.000000 0.425448 0.267513
0.001537 0.001434 0.000154 0.489166 0.000000 0.028102 0.000000 0.013190 0.449360 0.302939
0.000000 0.000000 0.000000 0.000000 0.594686 0.012439 0.617403 0.031332 0.120166 0.065213
0.000000 0.000000 0.000000 0.000000 0.461518 0.000000 0.732673 0.000582 0.118339 0.082025
0.013389 0.053450 0.000000 0.092390 0.048105 0.344511 0.002413 0.862239 0.000000 0.000000
0.005395 0.346821 0.185072 0.000000 0.000000 0.031827 0.317385 0.000000 0.175129 0.028942
0.006035 0.204874 0.000000 0.043635 0.070681 0.000000 0.139097 0.000000 0.112562 0.533915
0.000000 0.310854 0.163210 0.161185 0.000000 0.000000 0.000000 0.025725 0.309351 0.361237
0.000000 0.084740 0.000000 0.023933 0.176515 0.005164 0.028975 0.007226 0.404530 0.721152
0.011751 0.669222 0.172081 0.000000 0.000000 0.142456 0.027159 0.000000 0.405331 0.000000
0.000000 0.000000 0.093113 0.668766 0.000000 0.082084 0.000000 0.000000 0.000000 0.549864
0.004108 0.097145 0.355895 0.000000 0.014649 0.016133 0.000000 0.006604 0.382994 0.283510
0.028087 0.173300 0.470600 0.000000 0.015017 0.000000 0.000000 0.000000 0.218719 0.397107
0.088568 0.000000 0.421688 0.007919 0.000000 0.448837 0.000000 0.015870 0.100691 0.131261
0.000000 0.227413 0.527264 0.000000 0.000000 0.012044 0.059842 0.284717 0.049366 0.448703
0.000000 0.374967 0.057687 0.000000 0.003274 0.000000 0.593012 0.000000 0.198244 0.168165
0.000000 0.000000 0.000000 0.000000 0.598657 0.000000 0.000000 0.482758 0.053611 0.171491
0.000000 0.000000 0.000000 0.000000 0.596927 0.000000 0.000000 0.610452 0.013815 0.288207
0.000000 0.000000 0.000000 0.000000 0.604097 0.009581 0.004719 0.539423 0.000000 0.248183
0.000000 0.000000 0.000000 0.000000 0.557344 0.000000 0.000000 0.632320 0.000000 0.182678
0.000000 0.000000 0.000000 0.000000 0.706451 0.000000 0.000000 0.430784 0.000000 0.220998
0.060129 0.658301 0.000000 0.000000 0.112682 0.000000 0.032588 0.000000 0.171182 0.315498
0.384733 0.736274 0.000000 0.134929 0.000000 0.000000 0.094220 0.000000 0.000000 0.138611
0.019559 0.764288 0.000000 0.000000 0.084597 0.016207 0.000000 0.000000 0.413280 0.084825
0.108879 0.490431 0.405544 0.022442 0.000000 0.000000 0.000000 0.048951 0.237928 0.067773
0.123322 0.175287 0.759932 0.000000 0.000000 0.000000 0.012685 0.023375 0.303162 0.243914
0.251837 0.000000 0.147948 0.023654 0.014500 0.146422 0.005876 0.000000 0.709958 0.000000
0.000000 0.129932 0.000000 0.454843 0.135424 0.056249 0.000000 0.000000 0.469236 0.035048
0.095894 0.361982 0.418618 0.034196 0.108160 0.000000 0.000000 0.045022 0.270559 0.018217
0.047711 0.332870 0.254813 0.456386 0.000000 0.000000 0.000000 0.000000 0.000000 0.134444
0.000000 0.332035 0.203421 0.611263 0.103313 0.000000 0.077863 0.030926 0.022901 0.000000
0.000000 0.351760 0.199663 0.526985 0.010943 0.000000 0.119253 0.019552 0.000000 0.000000
0.000000 0.518240 0.203936 0.002465 0.008062 0.138236 0.077562 0.114476 0.000000 0.227005
