0.114447 0.178619 0.960588
0.120117 0.129978 0.962396
0.099411 0.109957 0.967882
0.070550 0.119363 0.972335
0.062403 0.108317 0.973288
0.176601 0.122332 0.960362
0.163808 0.114920 0.962114
0.097732 0.157555 0.964522
0.183133 0.110577 0.960105
0.210455 0.113003 0.957706
0.103421 0.113786 0.962606
0.120608 0.099562 0.966459
0.083887 0.158246 0.964204
0.073568 0.162301 0.968663
0.101700 0.097470 0.966505
0.092866 0.101824 0.969890
0.078620 0.095654 0.970040
0.109360 0.224654 0.959617
0.112367 0.219856 0.958432
0.128556 0.211076 0.957416
0.196218 0.112025 0.959439
0.189400 0.115411 0.958355
0.117605 0.131711 0.957422
0.086319 0.193305 0.962049
0.188836 0.101275 0.960016
0.229279 0.105768 0.958486
0.215405 0.109533 0.956146
0.066665 0.190732 0.969883
0.075902 0.105907 0.975533
0.178501 0.172898 0.955139
0.151041 0.156812 0.955297
0.194241 0.163614 0.953547
0.115129 0.222566 0.955408
0.138124 0.150819 0.956326
0.122932 0.214406 0.953645
0.116317 0.221093 0.953617
0.104408 0.231114 0.953273
0.188995 0.125071 0.956266
0.077660 0.227075 0.963411
0.216836 0.162665 0.949698
0.108309 0.263342 0.952077
0.185463 0.094850 0.963289
0.061636 0.123162 0.976601
0.175068 0.170472 0.957252
0.100364 0.146082 0.969714
0.082225 0.160544 0.969717
0.099071 0.108613 0.971635
0.120427 0.244170 0.954255
0.113555 0.250968 0.954188
0.095253 0.131359 0.972685
0.078522 0.090897 0.972733
0.177731 0.165859 0.959386
0.173816 0.099208 0.966233
0.176343 0.141008 0.962283
0.104847 0.216955 0.963848
0.121975 0.112308 0.967929
0.108281 0.142341 0.968434
0.130476 0.126109 0.966644
0.132981 0.110966 0.966125
0.109396 0.118880 0.968501
0.091361 0.165510 0.967754
0.124759 0.099723 0.969042
0.108482 0.099956 0.969311
0.125062 0.093498 0.967012
0.210069 0.154324 0.954656
0.146307 0.086969 0.968584
0.091255 0.155595 0.968199
0.116750 0.235613 0.955870
0.099250 0.087341 0.971866
0.068015 0.099112 0.973904
0.161901 0.164426 0.960080
0.150194 0.173533 0.960981
0.156472 0.172792 0.961368
0.175004 0.181205 0.956341
0.214265 0.102295 0.960888
0.108954 0.176590 0.962672
0.106042 0.221118 0.959356
0.209406 0.139776 0.958039
0.095916 0.187710 0.966964
0.181491 0.091313 0.960899
0.209258 0.143610 0.957521
0.187067 0.128376 0.958258
0.234319 0.100383 0.958090
0.091190 0.186808 0.967900
0.105356 0.154798 0.963383
0.109317 0.214914 0.957632
0.084813 0.231601 0.959311
0.224839 0.126283 0.956361
0.209135 0.145383 0.956140
0.240331 0.109191 0.955559
0.127980 0.132418 0.963250
0.129033 0.128736 0.964573
0.101323 0.221352 0.955916
0.099869 0.146115 0.964344
0.106597 0.085676 0.969868
0.154296 0.164722 0.962048
0.171325 0.154573 0.960349
0.165660 0.168258 0.958685
0.143966 0.164125 0.962271
0.128873 0.167055 0.962084
0.118583 0.196796 0.962050
0.192331 0.161449 0.955905
0.135093 0.182379 0.960501
0.133722 0.176993 0.961494
0.128227 0.194350 0.961727
0.163757 0.142167 0.960425
0.120273 0.180563 0.962278
0.156081 0.149269 0.962316
0.188988 0.150218 0.957665
0.119311 0.200624 0.958496
0.141150 0.153710 0.950604
0.133803 0.209590 0.947792
0.164007 0.238844 0.939698
0.212271 0.166924 0.942692
0.178925 0.186842 0.942153
0.137626 0.194731 0.941265
0.228817 0.089615 0.959631
0.139777 0.231717 0.951011
0.211841 0.097282 0.956051
0.221602 0.105638 0.955301
0.195688 0.098663 0.956369
0.189069 0.077577 0.964093
0.134858 0.091640 0.961193
0.136901 0.152331 0.958652
0.199141 0.077473 0.956528
0.149626 0.084632 0.964961
0.136792 0.080508 0.967336
0.173546 0.088610 0.961673
0.130483 0.085173 0.965443
0.121726 0.103592 0.960533
0.120897 0.107867 0.962036
0.132959 0.233686 0.947864
0.224504 0.097490 0.955963
0.189672 0.108420 0.954622
0.139746 0.096913 0.958463
0.141041 0.115462 0.955808
0.175873 0.143519 0.954224
0.119234 0.091816 0.967731
0.240822 0.089662 0.953178
0.238207 0.099310 0.952411
0.114120 0.095701 0.963645
0.115580 0.122394 0.958771
0.109198 0.234047 0.949488
0.197102 0.115685 0.952845
0.113028 0.177225 0.954245
0.284068 0.111193 0.947547
0.146547 0.197466 0.954036
0.225663 0.098068 0.953083
0.116429 0.244712 0.945445
0.207544 0.108606 0.948724
0.150379 0.223810 0.946146
0.252070 0.135778 0.943694
0.121019 0.202322 0.939998
0.091111 0.106363 0.953763
0.127332 0.105178 0.945356
0.100618 0.103525 0.954018
0.108770 0.167099 0.946714
0.121654 0.102625 0.955805
0.092467 0.172001 0.944950
0.134508 0.081693 0.952685
0.115191 0.204188 0.939315
0.108811 0.144853 0.947931
0.125790 0.129389 0.952497
0.118173 0.134687 0.952593
0.098301 0.118946 0.953233
0.142299 0.082195 0.951624
0.124287 0.201490 0.941867
0.176387 0.082728 0.950093
0.129353 0.102622 0.948278
0.129487 0.098071 0.951167
0.099846 0.127495 0.952809
0.095372 0.142999 0.953495
0.120995 0.084267 0.955924
0.120438 0.136608 0.951806
0.124587 0.133686 0.945367
0.129498 0.097092 0.949250
0.095812 0.199295 0.944346
0.092705 0.245790 0.939768
0.148922 0.145901 0.942593
0.149407 0.152269 0.941307
0.141365 0.185827 0.940302
0.137829 0.184833 0.941067
0.228250 0.087360 0.946816
0.114449 0.186189 0.943970
0.170019 0.097368 0.941426
0.128290 0.164244 0.944540
0.133357 0.091015 0.942668
0.141267 0.155390 0.940818
0.123096 0.182040 0.942671
0.105052 0.076359 0.956531
0.215422 0.089195 0.943625
0.178319 0.092218 0.941548
0.207412 0.153686 0.961679
0.200233 0.158219 0.961995
0.113966 0.171688 0.964376
0.119603 0.173508 0.956867
0.123165 0.172224 0.955574
0.118342 0.101168 0.964571
0.110328 0.081815 0.967346
0.140675 0.076327 0.964209
0.123753 0.078202 0.964464
0.120704 0.073621 0.966739
0.148713 0.193289 0.934410
0.178726 0.132606 0.936953
0.179714 0.113720 0.937118
0.181267 0.098694 0.938643
0.201574 0.110935 0.935508
0.184259 0.112754 0.935979
0.120435 0.102432 0.945758
0.115532 0.186220 0.935189
0.107181 0.238053 0.933624
0.088753 0.245076 0.936467
0.149183 0.188861 0.929327
0.131137 0.141964 0.940179
0.139357 0.137574 0.940834
0.113866 0.164062 0.940614
0.123771 0.110695 0.945055
0.147800 0.102640 0.941728
0.149927 0.140816 0.938321
0.143062 0.164020 0.937616
0.135402 0.168399 0.937436
0.146455 0.084474 0.943347
0.152529 0.132820 0.938968
0.104409 0.126779 0.944481
0.107677 0.111001 0.944723
0.220695 0.121758 0.929272
0.160311 0.106929 0.937885
0.145157 0.103999 0.939506
0.124762 0.147345 0.937716
0.124827 0.090427 0.947218
0.092810 0.179000 0.946753
0.097503 0.128249 0.946353
0.104289 0.181011 0.939893
0.206043 0.124002 0.929536
0.170945 0.121704 0.934981
0.202790 0.083818 0.933737
0.142923 0.152644 0.929360
0.242424 0.085342 0.929872
0.241384 0.091769 0.929829
0.135815 0.160187 0.935706
0.147661 0.075236 0.943156
0.138272 0.089532 0.935642
0.233218 0.092512 0.927639
0.191201 0.125341 0.931492
0.211187 0.110847 0.929862
0.210825 0.115944 0.929732
0.193179 0.087353 0.930010
0.161740 0.129839 0.928879
0.226132 0.084552 0.930594
0.131958 0.072831 0.943672
0.232949 0.079880 0.932085
0.151283 0.065900 0.938814
0.234707 0.094537 0.924792
0.155589 0.173171 0.928337
0.193784 0.150908 0.926159
0.162423 0.064530 0.936484
0.135608 0.197327 0.928233
0.107168 0.072207 0.952543
0.044044 0.185884 0.967027
0.068994 0.174277 0.964569
0.030099 0.181244 0.968447
0.038154 0.153597 0.968251
0.026263 0.158560 0.970911
0.050397 0.174764 0.965434
0.055639 0.190961 0.964316
0.041113 0.152480 0.970377
0.025143 0.155557 0.972009
0.078459 0.144396 0.966226
0.057963 0.167515 0.967796
0.051293 0.174503 0.967058
0.000000 0.152960 0.979970
0.058964 0.131170 0.969630
0.062837 0.139150 0.966820
0.057971 0.140420 0.972053
0.043619 0.147605 0.970095
0.044603 0.124763 0.974398
0.000000 0.124751 0.981444
0.000000 0.101921 0.981890
0.000000 0.090132 0.986410
0.064358 0.203215 0.964194
0.006689 0.192552 0.965092
0.008609 0.190897 0.966820
0.000459 0.197715 0.965857
0.000000 0.204732 0.966106
0.005788 0.186909 0.970870
0.002386 0.179632 0.972882
0.028647 0.204014 0.961483
0.000000 0.170043 0.973756
0.069984 0.166219 0.962870
0.003483 0.166855 0.972143
0.078832 0.121899 0.964922
0.077631 0.122416 0.966446
0.004904 0.163641 0.975841
0.000000 0.164795 0.974966
0.000000 0.154140 0.977114
0.024160 0.220947 0.959639
0.070434 0.122507 0.971365
0.045171 0.126453 0.972755
0.072099 0.114246 0.974919
0.007097 0.123120 0.974413
0.000000 0.256898 0.958540
0.002539 0.088796 0.984880
0.117243 0.187734 0.960698
0.126420 0.151848 0.963197
0.083169 0.154442 0.962030
0.075819 0.159141 0.961959
0.000000 0.205806 0.961803
0.010941 0.102647 0.974935
0.055511 0.228826 0.958534
0.036721 0.242928 0.958780
0.000000 0.253283 0.958547
0.023766 0.091613 0.978266
0.089571 0.201455 0.960583
0.143772 0.119296 0.962939
0.082343 0.106140 0.964747
0.000000 0.000000 0.962623
0.000000 0.000000 0.966866
0.000000 0.000000 0.960874
0.000000 0.000000 0.959322
0.000000 0.000000 0.960341
0.000000 0.000000 0.960824
0.000000 0.000000 0.960282
0.000000 0.000000 0.961301
0.000000 0.000000 0.966030
0.000000 0.000000 0.963883
0.000000 0.000000 0.961396
0.000000 0.000000 0.960789
0.000000 0.000000 0.965263
0.000000 0.000000 0.961117
0.000000 0.000000 0.959278
0.000000 0.000000 0.962679
0.000000 0.000000 0.960864
0.000000 0.000000 0.966929
0.000000 0.000000 0.961183
0.000000 0.000000 0.961101
0.000000 0.000000 0.961207
0.000000 0.000000 0.965278
0.000000 0.000000 0.963372
0.000000 0.000000 0.963425
0.000000 0.000000 0.962258
0.000000 0.000000 0.960696
0.000000 0.000000 0.959165
0.000000 0.000000 0.964903
0.003504 0.000000 0.960339
0.000000 0.000000 0.963689
0.000000 0.000000 0.968368
0.000000 0.000000 0.966970
0.000000 0.000000 0.969942
0.000000 0.000000 0.973339
0.000000 0.000000 0.958712
0.000000 0.000000 0.973893
0.000000 0.000000 0.962945
0.000000 0.000000 0.962615
0.000000 0.000000 0.962186
0.000000 0.000000 0.964975
0.000000 0.000000 0.973352
0.000000 0.000000 0.964939
0.000000 0.000000 0.966968
0.000000 0.000000 0.965911
0.000000 0.000000 0.960610
0.000000 0.000000 0.961127
0.000000 0.000000 0.965884
0.000000 0.000000 0.960722
0.000000 0.000000 0.962660
0.000000 0.000000 0.958558
0.000000 0.000000 0.968399
0.000000 0.000000 0.958253
0.000000 0.000000 0.959374
0.000000 0.000000 0.958838
0.000000 0.000000 0.969410
0.000000 0.000000 0.962320
0.000000 0.000000 0.969394
0.000000 0.000000 0.958046
0.000000 0.000000 0.957775
0.000000 0.000000 0.961607
0.000000 0.000000 0.971265
0.000000 0.000000 0.960610
0.000000 0.000000 0.960527
0.000000 0.000000 0.962559
0.000000 0.000000 0.961692
0.000000 0.000000 0.959523
0.000000 0.000000 0.969916
0.000000 0.000000 0.967440
0.252312 0.089782 0.954766
0.109418 0.157265 0.955145
0.099657 0.174612 0.954109
0.118375 0.224917 0.949147
0.227832 0.147867 0.947300
0.121387 0.179916 0.952870
0.111394 0.180904 0.953353
0.140226 0.142222 0.954333
0.186369 0.142529 0.948834
0.106707 0.102906 0.965542
0.167335 0.096804 0.956641
0.112129 0.181132 0.949500
0.133357 0.089439 0.966113
0.105086 0.080647 0.972255
0.227538 0.170126 0.913082
0.243924 0.111373 0.913096
0.142179 0.208131 0.915578
0.218713 0.131298 0.914245
0.209700 0.105392 0.916697
0.184535 0.114172 0.917583
0.160572 0.190946 0.914050
0.193901 0.191333 0.912619
0.197667 0.118676 0.915379
0.166851 0.188424 0.916488
0.167996 0.185085 0.915470
0.101111 0.080381 0.941428
0.189654 0.144947 0.913681
0.159087 0.130441 0.966483
0.190009 0.152083 0.956005
0.138854 0.187473 0.964289
0.175113 0.189143 0.955418
0.149807 0.152375 0.958613
0.170501 0.057960 0.964923
0.204703 0.155720 0.960350
0.199780 0.119759 0.962316
0.153047 0.152561 0.963493
0.213035 0.157371 0.956340
0.162194 0.115468 0.965120
0.113326 0.226222 0.956045
0.098067 0.117233 0.967568
0.146477 0.198942 0.957306
0.111819 0.136351 0.964407
0.170434 0.121241 0.961591
0.094409 0.141827 0.965684
0.097978 0.153677 0.963488
0.100406 0.172153 0.957451
0.094805 0.159719 0.960485
0.202598 0.090045 0.958513
0.222271 0.135905 0.949901
0.121247 0.197972 0.954900
0.136518 0.202207 0.950776
0.126420 0.162744 0.952317
0.181573 0.156815 0.954953
0.126741 0.159365 0.954530
0.118109 0.117607 0.964421
0.130915 0.115676 0.964422
0.124921 0.099149 0.965586
0.120123 0.100302 0.966213
0.089324 0.121702 0.965814
0.108589 0.097406 0.967216
0.053734 0.114880 0.966880
0.078664 0.103400 0.967658
0.051466 0.100037 0.970144
0.183996 0.153710 0.953746
0.174620 0.147339 0.955499
0.140064 0.148552 0.955331
0.071122 0.168851 0.963926
0.066520 0.175896 0.964112
0.111922 0.143755 0.958852
0.175170 0.107474 0.957850
0.147586 0.107062 0.959611
0.123698 0.134753 0.961661
0.131599 0.099507 0.963380
0.117918 0.097188 0.971673
0.106079 0.103224 0.966635
0.093823 0.122532 0.964366
0.066351 0.265022 0.952378
0.088366 0.231010 0.952016
0.182110 0.138273 0.955593
0.057321 0.236073 0.953988
0.160278 0.108488 0.956518
0.122484 0.135677 0.956070
0.136871 0.124148 0.960628
0.155445 0.122273 0.956680
0.109617 0.118948 0.963683
0.152217 0.098217 0.959236
0.045732 0.124496 0.964178
0.104640 0.160528 0.961775
0.174689 0.168827 0.949803
0.084441 0.214963 0.954376
0.101572 0.186603 0.956210
0.074925 0.204644 0.954645
0.078590 0.168919 0.956783
0.101784 0.155755 0.962396
0.041017 0.165649 0.976463
0.080710 0.042044 0.984910
0.000000 0.000000 0.904083
0.000000 0.000000 0.906664
0.000000 0.000000 0.907550
0.000000 0.000000 0.903021
0.000000 0.000000 0.906969
0.000000 0.000000 0.907318
0.000000 0.000000 0.912095
0.000000 0.000000 0.905402
0.000000 0.000000 0.904687
0.000000 0.000000 0.906721
0.000000 0.000000 0.905208
0.000000 0.000000 0.903662
0.000000 0.000000 0.903076
0.000000 0.000000 0.904015
0.000000 0.000000 0.905377
0.000000 0.000000 0.903368
0.000000 0.000000 0.903288
0.000000 0.000000 0.905978
0.000000 0.000000 0.903236
0.000000 0.000000 0.906455
0.000000 0.000000 0.921483
0.000000 0.000000 0.917189
0.000000 0.000000 0.907100
0.000000 0.000000 0.911172
0.000000 0.000000 0.904776
0.000000 0.000000 0.904379
0.000000 0.000000 0.905363
0.000000 0.000000 0.905243
0.000000 0.000000 0.905600
0.000000 0.000000 0.904030
0.000000 0.000000 0.904772
0.000000 0.000000 0.905645
0.000000 0.000000 0.904167
0.000000 0.000000 0.903947
0.000000 0.000000 0.903272
0.000000 0.000000 0.903799
0.000000 0.000000 0.905178
0.000000 0.000000 0.904279
0.000000 0.000000 0.902731
0.000000 0.000000 0.902749
0.000000 0.000000 0.906656
0.000000 0.000000 0.905911
0.000000 0.000000 0.904385
0.000000 0.000000 0.908183
0.000000 0.000000 0.904695
0.000000 0.000000 0.903735
0.000000 0.000000 0.915594
0.000000 0.000000 0.906127
0.000000 0.000000 0.902968
0.000000 0.000000 0.904241
0.000000 0.000000 0.902953
0.000000 0.000000 0.903066
0.000000 0.000000 0.902803
0.000000 0.000000 0.902123
0.000000 0.000000 0.902114
0.000000 0.000000 0.899649
0.000000 0.000000 0.900674
0.000000 0.000000 0.900610
0.000000 0.000000 0.901266
0.000000 0.000000 0.900921
0.000000 0.000000 0.901613
0.000000 0.000000 0.902429
0.000000 0.000000 0.902625
0.000000 0.000000 0.901840
0.000000 0.000000 0.901892
0.000000 0.000000 0.900827
0.000000 0.000000 0.901391
0.000000 0.000000 0.902266
0.000000 0.000000 0.900881
0.000000 0.000000 0.902000
0.000000 0.000000 0.901508
0.000000 0.000000 0.901243
0.000000 0.000000 0.900108
0.000000 0.000000 0.899629
0.000000 0.000000 0.909078
0.000000 0.000000 0.912318
0.000000 0.000000 0.907351
0.000000 0.000000 0.907474
0.000000 0.000000 0.906106
0.000000 0.000000 0.907220
0.000000 0.000000 0.906073
0.000000 0.000000 0.904639
0.000000 0.000000 0.905402
0.000000 0.000000 0.906576
0.000000 0.000000 0.901362
0.000000 0.000000 0.902050
0.000000 0.000000 0.900426
0.000000 0.000000 0.902077
0.000000 0.000000 0.901928
0.132379 0.058757 0.951652
0.106698 0.113811 0.967823
0.104987 0.103497 0.969972
0.082798 0.124761 0.968460
0.091670 0.116991 0.970568
0.083292 0.088404 0.972108
0.098527 0.083982 0.971300
0.090954 0.125114 0.968289
0.096598 0.114305 0.966594
0.113190 0.087688 0.970078
0.100365 0.083424 0.971345
0.132560 0.090029 0.966844
0.082605 0.104000 0.975245
0.123546 0.097540 0.965988
0.121761 0.092873 0.969121
0.131872 0.078008 0.974777
0.153066 0.080156 0.966476
0.123357 0.081041 0.968658
0.110859 0.094045 0.966250
0.078485 0.183201 0.954420
0.117827 0.175628 0.955068
0.126715 0.172254 0.954619
0.117635 0.177130 0.954772
0.126568 0.248581 0.948151
0.078212 0.194966 0.952726
0.136198 0.189241 0.954030
0.092197 0.210337 0.950252
0.210448 0.150788 0.950474
0.111648 0.112924 0.918907
0.120583 0.110512 0.950625
0.150984 0.115992 0.949611
0.088751 0.111864 0.953845
