0.382981 0.378845 0.040694
0.317795 0.677362 0.000000
0.825657 0.388112 0.000000
0.285614 0.847713 0.000000
0.384233 0.010112 0.799512
0.706930 0.276072 0.000000
0.388765 0.574066 0.000000
0.280876 0.706611 0.000000
0.000000 0.998359 0.066352
0.456635 0.407580 0.000000
0.455238 0.434852 0.000000
0.052835 0.762301 0.117646
0.800854 0.133427 0.088549
0.071059 0.375440 0.358645
0.611391 0.291460 0.000000
0.000000 0.946055 0.067264
0.142264 0.073880 0.764950
0.137058 0.108421 0.756805
0.000000 0.965667 0.104421
0.323258 0.000000 0.682945
0.550394 0.373110 0.000000
0.791681 0.337415 0.000000
0.456014 0.128013 0.208467
0.603980 0.412872 0.000000
0.499029 0.434563 0.000000
0.384869 0.875221 0.000000
0.796226 0.319623 0.000000
0.055543 0.857231 0.136316
0.280469 0.071958 0.681430
0.000000 0.865158 0.121891
0.113618 0.082598 0.867718
0.000000 1.070236 0.065518
0.000000 1.061929 0.067232
0.056154 0.115310 0.754105
