0.484109 0.017609 0.862173
0.482533 0.042842 0.863032
0.481537 0.007344 0.864017
0.482416 0.046835 0.862914
0.482476 0.022712 0.863631
0.479945 0.015121 0.864223
0.483364 0.000000 0.863329
0.480531 0.000000 0.864565
0.480418 0.000000 0.864607
0.480574 0.000000 0.864482
0.481443 0.049234 0.862239
0.483739 0.006096 0.862613
0.482739 0.005638 0.864060
0.482921 0.004596 0.863295
0.403353 0.036065 0.914648
0.404376 0.028786 0.914865
0.404136 0.000000 0.914929
0.404785 0.012105 0.914871
0.404812 0.013766 0.914756
0.403164 0.000000 0.914930
0.400929 0.000000 0.917024
0.398758 0.000000 0.917194
0.400941 0.000000 0.916943
0.399898 0.000000 0.917049
0.402475 0.012371 0.915624
0.402297 0.016102 0.915118
0.399295 0.008982 0.916993
0.401025 0.000000 0.915916
0.399420 0.010628 0.916350
0.408027 0.000000 0.909612
0.395995 0.000000 0.886750
0.395518 0.000000 0.886797
0.395844 0.000000 0.886790
0.396310 0.000000 0.886019
0.402429 0.026425 0.910457
0.401487 0.041009 0.910569
0.403397 0.027816 0.908801
0.400952 0.013168 0.910756
0.402996 0.000000 0.910644
0.407088 0.017683 0.908247
0.403049 0.000000 0.909983
0.407359 0.009683 0.907723
0.404964 0.000000 0.908618
0.401934 0.000000 0.911099
0.401211 0.011606 0.911046
0.400691 0.000000 0.911227
0.408699 0.000000 0.908403
0.408833 0.000000 0.907998
0.422963 0.000000 0.852419
0.420249 0.000000 0.853403
0.420266 0.000000 0.852922
0.403798 0.000000 0.908549
0.403404 0.000000 0.908623
0.405429 0.000000 0.907980
0.404106 0.003633 0.908319
0.406171 0.000000 0.907704
0.404041 0.015832 0.908284
0.402315 0.013145 0.908489
0.402622 0.042594 0.908160
0.405507 0.000223 0.907509
0.406292 0.004114 0.907049
0.391045 0.023326 0.913651
0.391112 0.000000 0.912762
0.392254 0.007738 0.912332
0.407352 0.000000 0.909218
0.407704 0.000000 0.908944
0.407742 0.006337 0.908876
0.409751 0.000000 0.907611
0.409310 0.007640 0.907688
0.398574 0.013187 0.912442
0.400187 0.000000 0.912610
0.405856 0.030805 0.910380
0.406237 0.000000 0.910473
0.404675 0.000000 0.910700
0.408777 0.000000 0.908460
0.406180 0.000000 0.905860
0.412527 0.000000 0.902291
0.359227 0.018522 0.895225
0.359241 0.000000 0.895760
0.434144 0.030385 0.821320
0.397020 0.000000 0.916329
0.419399 0.040310 0.903606
0.420736 0.010628 0.902636
0.418343 0.000000 0.904298
0.418520 0.000000 0.904290
0.419537 0.000000 0.903122
0.414636 0.018107 0.906007
0.409295 0.014436 0.907576
0.415965 0.010792 0.905629
0.408293 0.000000 0.909599
0.407953 0.025024 0.908062
0.408653 0.000000 0.909325
0.406909 0.000000 0.909632
0.406731 0.000000 0.909771
0.406781 0.016954 0.909618
0.409273 0.000000 0.909042
0.410658 0.000000 0.907774
0.405107 0.000000 0.909902
0.405129 0.000000 0.909807
0.409755 0.000000 0.908325
0.403806 0.000000 0.902629
0.405106 0.001290 0.901926
0.402257 0.001278 0.902066
0.400996 0.000000 0.913375
0.401538 0.030017 0.912343
0.401691 0.001842 0.912551
0.401801 0.000000 0.912304
0.400120 0.022476 0.912749
0.402200 0.000000 0.912099
0.398775 0.000000 0.913580
0.397926 0.013853 0.914400
0.397985 0.002099 0.913393
0.394478 0.009576 0.915768
0.397295 0.000000 0.914933
0.396098 0.056470 0.914925
0.396441 0.023558 0.914534
0.394513 0.006132 0.915707
0.392359 0.033103 0.917286
0.395151 0.000000 0.915127
0.404746 0.000000 0.911460
0.399156 0.036790 0.912685
0.397714 0.024128 0.913325
0.393574 0.000000 0.915884
0.404099 0.000000 0.910933
0.383249 0.000000 0.913927
0.379483 0.000000 0.916222
0.382836 0.006314 0.914791
0.382123 0.000000 0.915661
0.380729 0.023270 0.914880
0.402138 0.000000 0.907060
0.403946 0.000000 0.905775
0.401895 0.028507 0.906413
0.409174 0.005117 0.896637
0.406027 0.004818 0.897740
0.406034 0.000000 0.897763
0.406043 0.000000 0.897613
0.405475 0.051221 0.898022
0.400553 0.000000 0.899793
0.400192 0.000000 0.900345
0.405556 0.004659 0.897907
0.398750 0.000000 0.900401
0.398534 0.035987 0.899903
0.403811 0.000000 0.898398
0.402533 0.053734 0.898008
0.401201 0.000000 0.898999
0.406072 0.000000 0.896711
0.411512 0.000000 0.909194
0.392213 0.009121 0.910014
0.391678 0.000000 0.910669
0.391742 0.000681 0.910654
0.394232 0.055217 0.907958
0.390590 0.010579 0.909974
0.380559 0.000000 0.915543
0.393676 0.009589 0.908453
0.397686 0.000000 0.907149
0.395427 0.022840 0.907317
0.395440 0.002839 0.908037
0.395474 0.009423 0.907513
0.395835 0.000000 0.907642
0.397235 0.000835 0.907098
0.393734 0.000000 0.908487
0.391540 0.000000 0.910848
0.392270 0.000000 0.909754
0.379753 0.006395 0.915349
0.379423 0.000000 0.915573
0.392865 0.000000 0.908653
0.390511 0.000000 0.911245
0.390895 0.004616 0.910864
0.398063 0.000000 0.906187
0.379188 0.038611 0.914334
0.413290 0.004949 0.902362
0.411411 0.000000 0.902670
0.409418 0.000000 0.904344
0.414651 0.000000 0.900921
0.418425 0.011970 0.900124
0.419764 0.000000 0.899962
0.418223 0.028489 0.899502
0.418900 0.036000 0.899045
0.409605 0.033504 0.903331
0.409518 0.000000 0.903444
0.415680 0.030323 0.900806
0.417015 0.000000 0.900590
0.417569 0.000000 0.900289
0.401597 0.000000 0.910540
0.401917 0.000000 0.910313
0.402930 0.020871 0.909929
0.402979 0.005068 0.909862
0.403260 0.000000 0.909742
0.403739 0.000000 0.909029
0.400757 0.000000 0.912185
0.396582 0.018048 0.913943
0.396440 0.025443 0.913823
0.396891 0.000000 0.913385
0.396130 0.000000 0.914449
0.395780 0.000000 0.914575
0.390057 0.008210 0.917119
0.399119 0.000000 0.912239
0.394158 0.000000 0.915648
0.394571 0.000000 0.914948
0.394610 0.000000 0.914856
0.393812 0.020473 0.914958
0.393887 0.007099 0.914693
0.393247 0.000000 0.915700
0.392706 0.000000 0.915801
0.390380 0.001041 0.916799
0.390615 0.000000 0.916130
0.398447 0.019636 0.912557
0.396419 0.032501 0.912361
0.404099 0.001281 0.912040
0.398566 0.036094 0.914352
0.399293 0.036739 0.913721
0.404578 0.000000 0.912678
0.401694 0.000000 0.912760
0.409708 0.022362 0.908086
0.409761 0.000000 0.907928
0.395222 0.000000 0.916458
0.378971 0.011655 0.923025
0.394359 0.051926 0.915402
0.394816 0.021434 0.915025
0.380086 0.000000 0.922287
0.378360 0.001629 0.923392
0.404171 0.000000 0.911916
0.403599 0.052057 0.911738
0.398097 0.000000 0.913980
0.400493 0.000000 0.912669
0.400130 0.000000 0.912824
0.400520 0.000000 0.912596
0.395671 0.025104 0.914621
0.395854 0.000000 0.914718
0.396309 0.000000 0.914142
0.401569 0.003571 0.912188
0.404084 0.036784 0.911693
0.385725 0.000000 0.919209
0.383719 0.028633 0.920782
0.384489 0.000000 0.920535
0.394887 0.029966 0.913522
0.383491 0.055323 0.919419
0.388778 0.022824 0.918681
0.387855 0.000000 0.918861
0.388513 0.000000 0.918688
0.385382 0.062290 0.919221
0.386325 0.019776 0.919040
0.384469 0.021348 0.919524
0.384181 0.011424 0.920178
0.392391 0.000000 0.916524
0.390913 0.032046 0.915734
0.393215 0.052063 0.913305
0.389902 0.000000 0.916768
0.404365 0.009446 0.911243
0.401877 0.000000 0.912596
0.400512 0.000000 0.912706
0.399956 0.016624 0.912829
0.397024 0.057566 0.913127
0.397257 0.000000 0.913080
0.396799 0.040710 0.913148
0.398096 0.000000 0.912904
0.402796 0.010734 0.911193
0.402847 0.000000 0.910972
0.402293 0.000000 0.911446
0.401782 0.014705 0.911827
0.400893 0.014009 0.911877
0.403262 0.000000 0.910204
0.402101 0.024269 0.910433
0.384797 0.006883 0.916018
