0.275026 0.000000 0.535574
0.339276 0.094076 0.289152
0.575115 0.000000 0.260078
0.271190 0.077738 0.490413
0.344534 0.006225 0.349389
0.249829 0.026760 0.613050
1.018661 0.108828 0.000000
0.735588 0.023476 0.263023
0.000000 0.281271 0.767949
0.274826 0.572119 0.000000
1.001145 0.035836 0.000000
0.603980 0.000000 0.417838
0.260452 0.037585 0.674812
0.245947 0.000000 0.790997
0.911669 0.080897 0.256975
0.309556 0.000000 0.631676
0.308863 0.000000 0.660577
0.278438 0.000000 0.666234
0.783645 0.000000 0.347214
0.301587 0.198830 0.354020
0.823951 0.000000 0.283251
0.318532 0.208380 0.256923
0.256647 0.084338 0.612933
0.450124 0.000000 0.317848
0.339762 0.112435 0.300184
0.635580 0.000000 0.258927
0.616938 0.006573 0.250985
0.597072 0.283077 0.000000
0.908391 0.000000 0.295176
0.240170 0.665986 0.000000
0.561227 0.000000 0.300220
0.646136 0.000000 0.259135
0.635019 0.000000 0.263440
0.285091 0.216534 0.344372
0.556526 0.049691 0.243829
0.528637 0.000000 0.291657
0.000000 0.065716 0.827064
0.274594 0.233116 0.326035
