0.947176 0.187340 0.250318
0.946438 0.188379 0.244687
0.945710 0.000000 0.317127
0.942778 0.192361 0.263436
0.948825 0.000000 0.310646
0.947217 0.005481 0.307045
0.942773 0.084704 0.307847
0.942816 0.198363 0.220188
0.973352 0.148830 0.356935
0.969239 0.133820 0.362580
0.964876 0.111011 0.371326
0.972340 0.198358 0.332939
0.963985 0.118048 0.368145
0.964019 0.264535 0.312333
0.975329 0.206376 0.322222
0.962458 0.139780 0.372757
0.980620 0.111532 0.362785
0.978312 0.128565 0.358091
0.976843 0.132502 0.357668
0.971588 0.042985 0.412198
0.975691 0.203402 0.316669
0.969396 0.230308 0.314548
0.969952 0.247540 0.310197
0.977091 0.144720 0.351631
0.972648 0.149396 0.362122
0.967463 0.151714 0.367081
0.963690 0.163973 0.360505
0.962677 0.243001 0.331274
0.971784 0.153636 0.362112
0.965310 0.233360 0.336448
0.965577 0.263907 0.321052
0.964100 0.237556 0.326815
0.965692 0.262213 0.321887
0.962252 0.261901 0.323979
0.962339 0.263418 0.323217
0.967420 0.252122 0.321844
0.972003 0.226852 0.323244
0.967158 0.104172 0.383826
0.971211 0.168447 0.345912
0.964919 0.161062 0.346088
0.975436 0.217897 0.319415
0.965916 0.210548 0.323540
0.985307 0.141457 0.350925
0.982985 0.135901 0.352972
0.981631 0.132334 0.354921
0.963990 0.113286 0.415494
0.966480 0.109996 0.411335
0.965500 0.096039 0.414193
0.975068 0.145476 0.360762
0.963559 0.121014 0.395438
0.969519 0.204224 0.323833
0.972757 0.152882 0.350732
0.975833 0.139938 0.355839
0.969638 0.156011 0.354717
0.964729 0.041237 0.419221
0.968976 0.103108 0.377878
0.965121 0.194164 0.342230
0.961745 0.169996 0.357939
0.960552 0.200102 0.336499
0.967685 0.091772 0.394488
0.961359 0.119874 0.404171
0.968270 0.254861 0.306972
0.968436 0.186071 0.336807
0.960900 0.175953 0.361739
0.960533 0.130480 0.384095
0.970650 0.102287 0.374088
0.971845 0.083813 0.400027
0.971320 0.080750 0.404461
0.984075 0.118948 0.356943
0.971106 0.182733 0.334472
0.971370 0.098459 0.383857
0.960602 0.078331 0.424974
0.974962 0.171050 0.342566
0.961976 0.125556 0.374144
0.961068 0.172414 0.351728
0.979008 0.152704 0.347355
0.977512 0.187750 0.318582
0.977725 0.219499 0.305697
0.960860 0.103687 0.415734
0.970360 0.089865 0.405949
0.960871 0.097082 0.422486
0.960025 0.171936 0.377168
0.976688 0.150544 0.347757
0.978802 0.116911 0.361431
0.976056 0.118420 0.360199
0.980504 0.178214 0.321319
0.959326 0.228866 0.343415
0.982449 0.091684 0.363700
0.987211 0.187065 0.310047
0.973016 0.180910 0.340831
0.975867 0.127245 0.367557
0.914114 0.000000 0.000000
0.912664 0.000600 0.000000
0.911938 0.000000 0.000035
0.911841 0.000323 0.000063
0.911160 0.000108 0.000187
0.948733 0.109207 0.259815
0.933812 0.000000 0.308230
0.938838 0.011995 0.293848
0.937571 0.008890 0.302127
0.939056 0.010087 0.289802
0.933357 0.039944 0.273279
0.938985 0.015020 0.285898
0.933242 0.173127 0.217025
0.937888 0.093620 0.236100
0.933504 0.112085 0.237410
0.947829 0.082992 0.240916
0.954075 0.080803 0.239101
0.944635 0.000000 0.293955
0.938284 0.168086 0.221934
0.934420 0.072296 0.249990
0.937424 0.162938 0.221990
0.933535 0.026217 0.259336
0.933506 0.273769 0.201479
0.943022 0.175269 0.200014
0.940579 0.163700 0.213091
0.940014 0.186925 0.212020
0.940331 0.172998 0.213170
0.935361 0.208117 0.203570
0.940375 0.181289 0.201427
0.933326 0.197084 0.209796
0.934676 0.198644 0.204300
0.946307 0.107539 0.217917
0.947665 0.162189 0.202251
0.951683 0.147522 0.213552
0.951685 0.039665 0.257254
0.934503 0.145836 0.229075
0.939214 0.105603 0.230003
0.941256 0.090218 0.235510
0.939099 0.162727 0.222736
0.938073 0.147514 0.226542
0.937123 0.139282 0.227527
0.933274 0.147625 0.234084
0.938730 0.208073 0.201956
0.933792 0.097215 0.230825
0.940136 0.114258 0.219301
0.944005 0.155550 0.215181
0.937079 0.133904 0.228797
0.938963 0.124623 0.225625
0.945469 0.000000 0.279647
0.948646 0.004415 0.279590
0.942680 0.108191 0.224109
0.941837 0.054237 0.242348
0.963226 0.073637 0.232750
0.939614 0.221944 0.199538
0.952292 0.085080 0.227448
0.920754 0.187529 0.285310
0.920473 0.063688 0.358879
0.922037 0.181193 0.287762
0.921370 0.176539 0.289028
0.922070 0.190099 0.283417
0.923881 0.186965 0.284077
0.922986 0.180311 0.284148
0.925468 0.176862 0.282464
0.924442 0.168816 0.295416
0.930871 0.056898 0.342664
0.923631 0.188171 0.278475
0.920336 0.147047 0.317790
0.929474 0.077086 0.341008
0.919068 0.213896 0.288848
0.923005 0.189513 0.282240
0.922478 0.189728 0.281545
0.915040 0.174337 0.293975
0.915671 0.161318 0.316537
0.914134 0.210070 0.294744
0.919669 0.143455 0.319194
0.919879 0.151205 0.309521
0.919365 0.148515 0.309657
0.915052 0.164717 0.309602
0.930786 0.061881 0.333433
0.932354 0.049791 0.340414
0.929236 0.176066 0.270277
0.923122 0.078116 0.351679
0.915399 0.058038 0.382480
0.917508 0.095711 0.364377
0.918549 0.074681 0.352343
0.921299 0.138114 0.319942
0.921035 0.138924 0.315855
0.920739 0.139191 0.312369
0.922871 0.136834 0.309810
0.920623 0.139886 0.309507
0.928806 0.182872 0.272284
0.933063 0.178147 0.261656
0.926895 0.094773 0.334612
0.925979 0.102074 0.332568
0.914480 0.249753 0.277567
0.913740 0.079089 0.376408
0.914812 0.108658 0.343150
0.927413 0.035900 0.350066
0.922677 0.192913 0.275092
0.923181 0.199133 0.274599
0.921856 0.190460 0.276164
0.919247 0.220533 0.282055
0.918109 0.226636 0.278986
0.917146 0.226103 0.281536
0.930678 0.075563 0.335775
0.918768 0.134753 0.324860
0.935379 0.068855 0.330867
0.933313 0.071364 0.330997
0.917225 0.130472 0.329404
0.921573 0.098895 0.333977
0.914728 0.195319 0.323329
0.920348 0.034928 0.363295
0.922044 0.241652 0.265800
0.928551 0.083197 0.331277
0.916992 0.113659 0.341191
0.923711 0.223019 0.268078
0.918342 0.125620 0.328819
0.919168 0.127016 0.325316
0.922875 0.130288 0.308721
0.911710 0.207689 0.299014
0.544497 0.000000 0.000000
0.542028 0.000000 0.000000
0.908515 0.005521 0.404725
0.914827 0.194666 0.336435
0.915865 0.200015 0.329685
0.913292 0.200813 0.333852
0.914972 0.226763 0.315700
0.918030 0.050689 0.389870
0.909191 0.252810 0.318106
0.910885 0.231224 0.325829
0.914995 0.230554 0.313579
0.909024 0.167445 0.369031
0.912713 0.132331 0.374131
0.915382 0.131780 0.363548
0.908701 0.218403 0.332239
0.914758 0.209252 0.327168
0.912223 0.191300 0.346548
0.910019 0.212347 0.343690
0.918975 0.182526 0.336911
0.908517 0.225296 0.340022
0.909435 0.211465 0.343732
0.918859 0.143169 0.361235
0.915058 0.230525 0.308227
0.917570 0.160777 0.343281
0.915993 0.146506 0.350309
0.921908 0.139170 0.338530
0.912317 0.234856 0.320241
0.908560 0.232543 0.330974
0.916599 0.183348 0.337580
0.909367 0.237020 0.321976
0.916318 0.210561 0.325406
0.919644 0.130292 0.357417
0.911979 0.219130 0.330021
0.914638 0.236244 0.306720
0.912884 0.161346 0.362774
0.911244 0.207552 0.341756
0.911757 0.211348 0.337480
0.914741 0.210297 0.327269
0.913068 0.161289 0.349777
0.912344 0.229924 0.322415
0.912866 0.183736 0.345767
0.912709 0.201556 0.336825
0.910390 0.170236 0.353818
0.917663 0.177542 0.338400
0.915322 0.208542 0.332755
0.915394 0.193408 0.331598
0.913674 0.180078 0.338890
0.910313 0.154668 0.371953
0.910232 0.208941 0.338157
0.915391 0.186987 0.334970
0.914295 0.203411 0.332756
0.915973 0.202391 0.329357
0.915736 0.196425 0.331324
0.914504 0.198272 0.335501
0.912544 0.158309 0.365131
0.913988 0.138652 0.361330
0.919600 0.130677 0.356630
0.921602 0.136239 0.347967
0.914040 0.164818 0.347480
0.913627 0.149583 0.362616
0.917292 0.050331 0.390899
0.916095 0.199676 0.326288
0.910327 0.174911 0.365622
0.911427 0.169983 0.358055
0.910454 0.157266 0.370149
0.913306 0.237296 0.319893
0.913957 0.227767 0.319630
0.914048 0.229850 0.319208
0.916378 0.185499 0.336005
0.918331 0.175051 0.341972
0.918416 0.150674 0.348163
0.909978 0.208372 0.347204
0.918979 0.178591 0.338253
0.914820 0.178771 0.338575
0.919302 0.174023 0.338203
0.911078 0.063108 0.397912
0.910194 0.124694 0.379820
0.909882 0.215076 0.341051
0.909360 0.226879 0.330981
0.913159 0.249158 0.300564
0.908499 0.223871 0.341063
0.915725 0.244092 0.304529
0.920987 0.161410 0.338303
0.914227 0.237045 0.307671
0.922635 0.138623 0.334431
0.919820 0.149065 0.341418
0.912037 0.245721 0.311228
0.924246 0.230121 0.287647
0.927487 0.149747 0.328041
0.903973 0.212005 0.350178
0.903509 0.221649 0.347048
0.926309 0.214994 0.291385
0.918207 0.197300 0.325983
0.917632 0.239695 0.305402
0.919825 0.195993 0.322672
0.913370 0.086664 0.392486
0.914571 0.224036 0.325606
0.914229 0.213085 0.327379
0.917713 0.187794 0.334561
0.913855 0.114916 0.384763
0.913959 0.092986 0.385649
0.917365 0.196589 0.329221
0.921029 0.171321 0.334900
0.917271 0.208316 0.325545
0.914824 0.221991 0.323935
0.931380 0.117040 0.319059
0.927341 0.165792 0.306954
0.932707 0.136038 0.301860
0.929149 0.111226 0.332681
0.927452 0.122660 0.309538
0.929737 0.101492 0.333463
0.929704 0.108204 0.330977
0.929563 0.113752 0.332334
0.934354 0.124412 0.301029
0.933695 0.130701 0.299790
0.933039 0.135617 0.308749
0.928152 0.098512 0.344888
0.928980 0.120159 0.330169
0.928226 0.096938 0.343707
0.935073 0.098500 0.311606
0.932115 0.115893 0.323727
0.934612 0.120199 0.309758
0.932222 0.109880 0.315674
0.928120 0.117194 0.336451
0.926390 0.121256 0.315907
0.937568 0.071225 0.330897
0.932311 0.204967 0.266846
0.929949 0.200518 0.286769
0.928795 0.225273 0.282996
0.932145 0.212535 0.285313
0.941425 0.088994 0.309698
0.939041 0.108768 0.309222
0.941823 0.090462 0.304245
0.926631 0.230360 0.279309
0.925257 0.077408 0.359604
0.925399 0.083412 0.351675
0.925378 0.097577 0.353194
0.944505 0.089691 0.304357
0.928662 0.070701 0.335031
0.939203 0.097249 0.304071
0.937048 0.078938 0.326729
0.929615 0.139443 0.294772
0.935218 0.084487 0.327894
0.935465 0.084363 0.311525
0.932717 0.085082 0.317604
0.936134 0.117287 0.306128
0.935530 0.119030 0.308409
0.939298 0.116447 0.299655
0.935413 0.119994 0.301769
0.925458 0.251095 0.265299
0.937343 0.196266 0.265628
0.935232 0.189509 0.268303
0.936377 0.177107 0.281485
0.934265 0.181707 0.283072
0.935762 0.171669 0.281658
0.932336 0.182621 0.288814
0.944565 0.175031 0.269191
0.946784 0.102211 0.295684
0.937907 0.157025 0.276402
0.939809 0.161579 0.274928
0.942130 0.200476 0.252150
0.938957 0.099806 0.311365
0.936919 0.115485 0.308779
0.937391 0.198221 0.260372
0.940625 0.108557 0.296279
0.927016 0.168224 0.289184
0.926591 0.061355 0.344938
0.933606 0.183987 0.272719
0.940339 0.124632 0.291730
0.924590 0.207363 0.286787
0.941559 0.151020 0.271168
0.939189 0.181340 0.260969
0.938136 0.184732 0.258330
0.944423 0.130426 0.274212
0.938920 0.191683 0.252756
0.942479 0.131337 0.276472
0.944209 0.131128 0.273230
0.945043 0.196533 0.249827
0.960447 0.128575 0.324109
0.960268 0.063060 0.329915
0.971474 0.177083 0.232250
0.962760 0.082060 0.325564
0.927323 0.238652 0.270441
0.927423 0.220002 0.275774
0.926603 0.117602 0.326653
0.928246 0.095342 0.325331
0.929334 0.098090 0.324217
0.926907 0.061940 0.338251
0.931746 0.081293 0.325598
0.931276 0.071901 0.326797
0.927477 0.128365 0.320964
0.928464 0.061111 0.338232
0.928758 0.046623 0.340199
0.939022 0.250404 0.245988
0.938255 0.227947 0.248562
0.926574 0.067396 0.328184
0.930979 0.036569 0.331486
0.926614 0.154316 0.316446
0.931103 0.128637 0.316328
0.931289 0.119689 0.319613
0.935200 0.043435 0.329804
0.929462 0.225087 0.252924
0.929229 0.209742 0.292364
0.931356 0.203809 0.293750
0.923450 0.229324 0.296838
0.921997 0.228503 0.299482
0.922132 0.223678 0.305650
0.929429 0.190443 0.294132
0.917431 0.229465 0.317207
0.931034 0.155607 0.319956
0.920790 0.202054 0.324572
0.927792 0.234009 0.283064
0.934115 0.197705 0.282908
0.917924 0.216337 0.321186
0.918412 0.204605 0.319267
0.915910 0.202641 0.339666
0.919534 0.201089 0.331735
0.935387 0.193048 0.280203
0.922938 0.229737 0.283425
0.915526 0.234766 0.319401
0.928816 0.182428 0.303646
0.931713 0.078499 0.348784
0.931700 0.143411 0.324719
0.928438 0.237122 0.275415
0.921425 0.207737 0.312925
0.922872 0.076041 0.373300
0.921456 0.203630 0.308208
0.924619 0.070026 0.366058
0.921216 0.227927 0.302947
0.923221 0.064010 0.370056
0.924015 0.068999 0.368002
0.935487 0.208820 0.275855
0.926075 0.239541 0.279078
0.927526 0.104142 0.350166
0.913523 0.223532 0.321137
0.925216 0.152138 0.338524
0.927701 0.131922 0.338953
0.923950 0.176426 0.332808
0.933954 0.216267 0.273154
0.926220 0.109689 0.355423
0.925847 0.068403 0.361055
0.921077 0.229229 0.298356
0.929350 0.055427 0.356025
0.924906 0.059588 0.370385
0.920880 0.218940 0.305983
0.922782 0.109802 0.361465
0.928072 0.159335 0.325075
0.921309 0.155966 0.348526
0.926160 0.159844 0.321303
0.914690 0.143442 0.367656
0.928772 0.149985 0.326554
0.929346 0.148556 0.323795
0.927884 0.119574 0.344248
0.923218 0.114088 0.357297
0.919799 0.215706 0.315363
0.926715 0.050257 0.364532
0.918096 0.237847 0.308971
0.931835 0.221365 0.271890
0.920364 0.187656 0.332245
0.935803 0.190805 0.268389
0.921479 0.005761 0.378666
0.920834 0.150889 0.351868
0.919537 0.152240 0.352856
0.928067 0.101614 0.346328
0.927618 0.135844 0.331557
0.941224 0.190954 0.251249
0.933771 0.234951 0.257993
0.923918 0.098022 0.359572
0.946526 0.204953 0.248242
0.944451 0.225141 0.243338
0.944742 0.210178 0.247867
0.944682 0.201824 0.257678
0.943882 0.209858 0.254552
0.944860 0.213557 0.242858
0.935255 0.238383 0.263883
0.937296 0.086869 0.338608
0.942107 0.093539 0.330793
0.943871 0.190340 0.280203
0.935855 0.173021 0.311495
0.931754 0.186836 0.314433
0.934542 0.187191 0.311991
0.934463 0.143491 0.333283
0.929984 0.194481 0.311442
0.940676 0.225649 0.261760
0.936715 0.103733 0.331589
0.939648 0.214008 0.268571
0.944051 0.068151 0.326215
0.941619 0.109984 0.322220
0.931913 0.127908 0.341621
0.937535 0.230271 0.256048
0.930971 0.173827 0.324233
0.941185 0.184577 0.287754
0.932315 0.219773 0.282058
0.942116 0.218531 0.263781
0.942037 0.218960 0.261712
0.932430 0.205383 0.304838
0.941144 0.205582 0.270224
0.941079 0.196473 0.270323
0.936961 0.133285 0.325414
0.932100 0.191396 0.309253
0.936532 0.136731 0.314082
0.940454 0.130615 0.313401
0.937342 0.173237 0.301183
0.934724 0.160081 0.318424
0.932586 0.159435 0.319527
0.935247 0.177158 0.305372
0.941476 0.182590 0.286184
0.935953 0.181168 0.300027
0.939232 0.172526 0.290601
0.938336 0.193513 0.270859
0.938689 0.196323 0.293906
0.941571 0.215610 0.268806
0.939425 0.191138 0.292648
0.943412 0.174894 0.291945
0.940940 0.186671 0.289848
0.947214 0.168208 0.290877
0.941101 0.184483 0.286183
0.945326 0.171452 0.286626
0.946453 0.179378 0.280149
0.941519 0.219873 0.267247
0.938888 0.215391 0.271092
0.947199 0.214223 0.258665
0.934241 0.206164 0.302448
0.940492 0.205199 0.279405
0.933759 0.207179 0.309189
0.938577 0.216846 0.273277
0.947587 0.201211 0.261163
0.942284 0.199417 0.270499
0.948294 0.204886 0.257267
0.942483 0.189990 0.270223
0.943571 0.156863 0.317455
0.931829 0.108564 0.364367
0.931019 0.223959 0.306459
0.934438 0.200225 0.309240
0.940146 0.199274 0.283439
0.937723 0.220405 0.278296
0.933607 0.195798 0.311892
0.938437 0.197725 0.285666
0.943099 0.000000 0.351383
0.941879 0.235319 0.253541
0.938716 0.200561 0.281789
0.945298 0.215481 0.252854
0.934862 0.189546 0.296010
0.944916 0.193540 0.261743
0.936380 0.207419 0.289006
0.941737 0.207835 0.261384
0.954139 0.191442 0.242812
0.939115 0.062672 0.356138
0.932293 0.118920 0.357780
0.925475 0.156055 0.351245
0.937245 0.024024 0.361893
0.936506 0.179241 0.302937
0.941214 0.172419 0.293137
0.935350 0.191102 0.295172
0.937859 0.050704 0.357171
0.934071 0.160838 0.338284
0.939717 0.156787 0.319981
0.934760 0.060430 0.362669
0.939776 0.167698 0.304150
0.931824 0.047848 0.371919
0.937425 0.038888 0.359019
0.940305 0.236882 0.250138
0.935704 0.077494 0.360152
0.936798 0.099449 0.351838
0.933884 0.111614 0.349064
0.933623 0.099025 0.355947
0.938227 0.147151 0.326353
0.941194 0.125034 0.325878
0.935326 0.102197 0.351692
0.938021 0.127338 0.334872
0.936376 0.115396 0.338868
0.939103 0.120909 0.327500
0.939505 0.018290 0.350075
0.937238 0.169516 0.311858
0.937611 0.164533 0.305076
0.932204 0.175171 0.325306
0.933569 0.172176 0.332996
0.947333 0.208029 0.242888
0.948742 0.110345 0.242433
0.941676 0.169069 0.374180
0.948486 0.154339 0.355664
0.940559 0.265434 0.329037
0.942322 0.155807 0.372910
0.943271 0.163088 0.372535
0.940873 0.210437 0.332630
0.935448 0.169142 0.386960
0.939456 0.154294 0.386262
0.941626 0.192194 0.342224
0.946397 0.183456 0.356886
0.938791 0.169566 0.373724
0.942513 0.200333 0.335127
0.943931 0.161256 0.367587
0.939702 0.138810 0.393424
0.945005 0.107612 0.401835
0.939013 0.209216 0.342448
0.943815 0.177166 0.364395
0.949240 0.194057 0.334503
0.936968 0.135644 0.404975
0.940111 0.150880 0.391120
0.945639 0.177981 0.362608
0.937895 0.139608 0.402879
0.936197 0.186316 0.366901
0.944167 0.184404 0.350668
0.948237 0.171884 0.358213
0.948281 0.156778 0.358006
0.936666 0.258999 0.338133
0.948632 0.172860 0.353962
0.951175 0.140168 0.361891
0.943802 0.110882 0.401742
0.936201 0.151132 0.398206
0.938688 0.166888 0.390066
0.937833 0.237804 0.341303
0.939827 0.234161 0.338701
0.940453 0.253342 0.332183
0.943353 0.167830 0.369798
0.938060 0.212411 0.353466
0.937190 0.213561 0.343669
0.942829 0.151621 0.382378
0.944608 0.155172 0.375327
0.942767 0.176875 0.364968
0.941039 0.186189 0.360552
0.945623 0.161873 0.365066
0.940913 0.163713 0.375344
0.942002 0.181526 0.363655
0.941426 0.160556 0.380964
0.947026 0.170688 0.363919
0.937973 0.167111 0.380102
0.942150 0.178041 0.359169
0.939158 0.103539 0.411656
0.950924 0.088957 0.403028
0.944402 0.111977 0.389290
0.950036 0.177309 0.338998
0.935225 0.126517 0.423770
0.936702 0.230629 0.351420
0.939714 0.283985 0.320906
0.941074 0.145840 0.387553
0.941605 0.206656 0.342634
0.944713 0.104755 0.402620
0.941603 0.128381 0.388137
0.933164 0.166572 0.397917
0.935080 0.158854 0.400922
0.960311 0.188823 0.332371
0.961251 0.138765 0.361302
0.946563 0.142939 0.372063
0.948658 0.107613 0.395834
0.946503 0.146843 0.380186
0.952887 0.147368 0.359421
0.948437 0.147099 0.370140
0.948803 0.132769 0.381872
0.950918 0.118548 0.372954
0.957818 0.166924 0.333871
0.949734 0.153015 0.364700
0.950477 0.115656 0.373898
0.953087 0.162945 0.350551
0.960266 0.116813 0.369274
0.950123 0.126477 0.380976
0.959333 0.126457 0.370739
0.946125 0.148519 0.375887
0.950942 0.191351 0.338422
0.955215 0.156980 0.337361
0.951451 0.217288 0.325471
0.933381 0.233932 0.347356
0.932920 0.169620 0.368165
0.936518 0.268203 0.323357
0.935018 0.281693 0.335931
0.952214 0.063163 0.399694
0.948172 0.166628 0.274372
0.946100 0.175406 0.273534
0.949162 0.168316 0.270782
0.946143 0.179091 0.264259
0.946200 0.153804 0.279160
0.948703 0.161219 0.277381
0.944982 0.177366 0.266058
0.942481 0.188221 0.267604
0.940028 0.215628 0.265338
0.942250 0.060331 0.342432
0.943325 0.154702 0.292511
0.941165 0.184830 0.278376
0.937600 0.050044 0.350469
0.941027 0.194530 0.260413
0.937637 0.035095 0.350447
0.935663 0.213189 0.268343
0.937487 0.232712 0.258237
0.942258 0.138369 0.311010
0.948484 0.151269 0.289511
0.947561 0.113210 0.302147
0.945090 0.134366 0.290084
0.943612 0.044458 0.336142
0.944416 0.057146 0.330617
0.948919 0.070217 0.325772
0.943736 0.000000 0.343993
0.939811 0.174015 0.283814
0.947138 0.170156 0.248359
0.939273 0.177704 0.285491
0.939061 0.186389 0.268046
0.938629 0.000000 0.354561
0.935966 0.202400 0.274393
0.937686 0.000000 0.355675
0.934790 0.207273 0.270388
0.940900 0.157863 0.294679
0.942431 0.122400 0.300207
0.940268 0.142959 0.300301
0.942429 0.095754 0.330500
0.944522 0.077366 0.326074
0.934473 0.120856 0.340172
0.939911 0.168030 0.279761
0.934919 0.084785 0.343632
0.941432 0.211644 0.246927
0.940701 0.102601 0.321844
0.949261 0.104828 0.301792
0.950919 0.122045 0.289556
0.935816 0.121923 0.323242
0.945839 0.071910 0.320291
0.936008 0.069415 0.346790
0.939803 0.082860 0.334811
0.939528 0.066655 0.337782
0.939881 0.158838 0.281725
0.969972 0.084276 0.062946
0.969553 0.248042 0.028713
0.971101 0.087595 0.062492
0.968181 0.049614 0.068700
0.977960 0.033799 0.076216
0.979549 0.031731 0.075604
0.984667 0.056630 0.063247
0.981833 0.148036 0.050949
0.969715 0.161835 0.047168
0.969743 0.148269 0.050002
0.970897 0.120729 0.052054
0.944043 0.234471 0.269089
0.944217 0.228477 0.265127
0.939787 0.244230 0.266488
0.941435 0.239636 0.270133
0.939689 0.258836 0.277284
0.937872 0.234737 0.294885
0.939112 0.260315 0.268451
0.942030 0.231163 0.273754
0.942270 0.259108 0.264665
0.941539 0.245295 0.266353
0.945137 0.244516 0.264887
0.942951 0.252686 0.263279
0.947107 0.235635 0.262032
0.947800 0.232975 0.262102
0.945893 0.238387 0.264486
0.941331 0.243563 0.281749
0.951303 0.215719 0.268461
0.950789 0.176681 0.289965
0.937056 0.224448 0.302339
0.953809 0.187415 0.276978
0.946052 0.226982 0.264902
0.946769 0.194680 0.286469
0.938023 0.189489 0.324526
0.941896 0.089560 0.354191
0.946165 0.186924 0.304415
0.955264 0.170188 0.300391
0.939974 0.206629 0.299925
0.950554 0.198758 0.275119
0.939659 0.216009 0.308952
0.951903 0.207384 0.270750
0.945687 0.200846 0.285021
0.935747 0.209710 0.318533
0.945076 0.070500 0.347793
0.940430 0.187336 0.294343
0.952605 0.199792 0.273454
0.955789 0.142594 0.306729
0.940002 0.224518 0.288803
0.947117 0.225956 0.272087
0.948905 0.222120 0.270348
0.949407 0.215988 0.275251
0.941523 0.220158 0.288052
0.940483 0.208332 0.293807
0.949503 0.215730 0.273429
0.946665 0.214928 0.282918
0.942155 0.224278 0.283145
0.947189 0.218392 0.270941
0.940131 0.190354 0.318411
0.946713 0.218617 0.278737
0.943770 0.213203 0.292372
0.951366 0.213988 0.267211
0.947851 0.212249 0.278717
0.942793 0.221071 0.280698
0.943812 0.215220 0.285987
0.950568 0.149537 0.309967
0.945195 0.221362 0.279142
0.943182 0.226619 0.275671
0.943305 0.215155 0.291263
0.946968 0.222976 0.275581
0.945346 0.211686 0.283619
0.947125 0.215695 0.278298
0.948690 0.224542 0.267784
0.946137 0.225179 0.278516
0.946012 0.220308 0.280974
0.949090 0.086913 0.344386
0.952283 0.168291 0.305924
0.942695 0.104415 0.353346
0.943469 0.084919 0.350058
0.944020 0.225400 0.279816
0.944742 0.225297 0.274974
0.947646 0.117157 0.334875
0.943893 0.106318 0.346500
0.949401 0.211685 0.278613
0.949530 0.210274 0.277694
0.938855 0.177159 0.326440
0.959122 0.177882 0.279631
0.950752 0.222412 0.270083
0.942693 0.252881 0.259013
0.952298 0.219647 0.262654
0.953392 0.216355 0.265951
0.941824 0.278988 0.259198
0.940944 0.278462 0.260212
0.949225 0.226230 0.266926
0.948623 0.238550 0.260180
0.945805 0.250093 0.261411
0.943262 0.065669 0.363026
0.951056 0.225950 0.266261
0.949937 0.234738 0.257938
0.947093 0.241851 0.252463
0.940996 0.000000 0.373677
0.953743 0.035375 0.309232
0.955630 0.026790 0.319096
0.948438 0.110977 0.292028
0.951796 0.047908 0.306234
0.950153 0.007809 0.334760
0.949139 0.062773 0.320329
0.959565 0.017748 0.300839
0.951783 0.036964 0.318221
0.950971 0.178115 0.288668
0.951769 0.084024 0.282258
0.954231 0.106287 0.280009
0.952244 0.109795 0.277492
0.955872 0.043471 0.308941
0.955213 0.105019 0.280594
0.951483 0.148318 0.288318
0.956729 0.031667 0.308735
0.956236 0.032106 0.310202
0.949007 0.209825 0.279657
0.948752 0.190798 0.288886
0.964691 0.015927 0.307260
0.956042 0.142610 0.273744
0.948464 0.061795 0.324535
0.964427 0.011998 0.318838
0.954145 0.021053 0.327158
0.956675 0.027148 0.315200
0.958387 0.022539 0.313794
0.966159 0.179607 0.260556
0.967022 0.180005 0.258402
0.958380 0.045443 0.304923
0.956250 0.088403 0.281617
0.956514 0.075562 0.288201
0.957231 0.073753 0.281331
0.968429 0.009091 0.303463
0.946536 0.118503 0.324957
0.947798 0.241042 0.269804
0.952633 0.001368 0.348265
0.947326 0.021661 0.325425
0.963894 0.201367 0.239852
0.962941 0.200099 0.252009
0.970123 0.169250 0.251569
0.968781 0.184941 0.247557
0.970749 0.159986 0.251064
0.959285 0.102850 0.280369
0.959965 0.083216 0.279180
0.932642 0.210733 0.267716
0.922366 0.202489 0.310995
0.939209 0.192653 0.261961
0.934729 0.196222 0.281521
0.939319 0.191119 0.266156
0.935013 0.188321 0.275747
0.939561 0.186387 0.263902
0.940675 0.190751 0.258860
0.921496 0.053844 0.368457
0.937996 0.221792 0.251507
0.922584 0.221098 0.297565
0.934970 0.191297 0.289186
0.928070 0.206850 0.291965
0.927816 0.230867 0.268497
0.928639 0.246193 0.263532
0.928115 0.195651 0.297954
0.934942 0.156309 0.298045
0.925279 0.231411 0.265288
0.928022 0.209734 0.279363
0.928625 0.206047 0.286796
0.928593 0.206855 0.281697
0.920306 0.053901 0.366830
0.924969 0.211015 0.296040
0.926204 0.201920 0.295176
0.925513 0.264969 0.261638
0.922452 0.246187 0.279707
0.923807 0.192784 0.301073
0.931388 0.137481 0.315343
0.926612 0.215538 0.278403
0.933657 0.145422 0.298555
0.929796 0.214362 0.267036
0.921100 0.206487 0.306785
0.932284 0.225062 0.262162
0.931062 0.237885 0.251803
0.935082 0.078030 0.327218
0.930779 0.181452 0.296239
0.925097 0.070968 0.358067
0.936991 0.060434 0.328415
0.933962 0.048433 0.329422
0.924561 0.216501 0.273334
0.929304 0.146948 0.321298
0.924777 0.088537 0.348015
0.921462 0.178148 0.318431
0.928830 0.230550 0.253241
0.924416 0.093382 0.344373
0.937203 0.027110 0.325190
0.923749 0.153002 0.329130
0.926415 0.148998 0.325478
0.922051 0.151504 0.332128
0.920690 0.162083 0.336640
0.923793 0.280068 0.251131
0.932110 0.171944 0.289870
0.931311 0.120648 0.345441
0.934146 0.079382 0.358789
0.934413 0.075690 0.362615
0.928299 0.085299 0.346762
0.936485 0.071490 0.345705
0.926218 0.098263 0.363395
0.923402 0.125500 0.347010
0.927265 0.100460 0.359385
0.924544 0.140862 0.346403
0.925943 0.086483 0.364056
0.922329 0.134089 0.364919
0.932947 0.119991 0.327952
0.938547 0.189807 0.284628
0.937087 0.168695 0.285794
0.930751 0.193046 0.277675
0.935716 0.203617 0.267492
0.936624 0.199230 0.273612
0.931052 0.192809 0.280441
0.922603 0.129945 0.361933
0.930849 0.050658 0.362968
0.939694 0.068673 0.341355
0.939043 0.161677 0.284277
0.922629 0.077581 0.385849
0.922789 0.051368 0.376060
0.935216 0.158943 0.304318
0.931034 0.142959 0.322581
0.927775 0.127691 0.343481
0.928337 0.129606 0.338389
0.926600 0.143973 0.323472
0.926187 0.149469 0.321793
0.925176 0.154616 0.336334
0.924525 0.152260 0.341784
0.924868 0.159882 0.334273
0.929227 0.171578 0.302508
0.926664 0.214522 0.290355
0.929425 0.200444 0.286076
0.926190 0.222773 0.286470
0.929018 0.173483 0.295357
0.931982 0.184101 0.286019
0.928920 0.177288 0.292154
0.927516 0.155150 0.314648
0.925163 0.131729 0.337478
0.924764 0.216259 0.293098
0.925568 0.156699 0.320392
0.922792 0.106355 0.355156
0.922657 0.215751 0.293566
0.926546 0.208813 0.296733
0.926013 0.212124 0.297753
0.926288 0.178140 0.310492
0.927081 0.135026 0.324003
0.927158 0.197405 0.286675
0.926911 0.169252 0.310179
0.923382 0.163918 0.325320
0.927189 0.177957 0.308512
0.930212 0.188182 0.285818
0.928942 0.195065 0.288476
0.927125 0.189096 0.291423
0.932394 0.155156 0.308884
0.926358 0.165511 0.313666
0.932943 0.209476 0.267873
0.933342 0.192469 0.274375
0.923843 0.160316 0.315975
0.935732 0.141821 0.308197
0.970598 0.077662 0.298866
0.972855 0.072447 0.300798
0.975099 0.081885 0.297931
0.970672 0.086077 0.295275
0.971300 0.091925 0.293377
0.971455 0.098782 0.291142
0.974388 0.090280 0.291069
0.975261 0.167813 0.275408
0.969392 0.099067 0.289606
0.971917 0.131448 0.279868
0.969709 0.105915 0.283167
0.944119 0.066512 0.000000
0.948993 0.000000 0.000000
0.943876 0.013043 0.002692
0.947214 0.000000 0.003731
0.943132 0.110072 0.000000
0.945854 0.042800 0.000000
0.946730 0.020364 0.000097
0.942689 0.123288 0.000000
0.942012 0.052398 0.001376
0.942063 0.087742 0.001048
0.939794 0.090690 0.004445
0.940886 0.073111 0.002927
0.941660 0.068529 0.003780
0.941481 0.113180 0.002736
0.940376 0.119965 0.000571
0.939819 0.000000 0.007518
0.937496 0.126903 0.000000
0.934537 0.072596 0.004810
0.934637 0.053997 0.004682
0.933637 0.228873 0.003952
0.933381 0.000000 0.016233
0.448860 0.000000 0.000000
0.446361 0.000000 0.000000
0.445693 0.000000 0.000000
0.444701 0.000000 0.000000
0.443150 0.000000 0.000000
0.904326 0.172425 0.320150
0.906479 0.149213 0.332114
0.905206 0.145784 0.341668
0.906013 0.157719 0.321059
0.904797 0.170656 0.307934
0.904796 0.189680 0.311252
0.909343 0.000000 0.392432
0.909181 0.000000 0.400098
0.905305 0.050324 0.388096
0.909413 0.234572 0.296757
0.903963 0.000000 0.405047
0.908040 0.026876 0.389659
0.905606 0.191212 0.304576
0.897916 0.221951 0.318072
0.901678 0.203053 0.317174
0.903557 0.088993 0.398484
0.903641 0.019336 0.394058
0.899863 0.231646 0.317891
0.901792 0.015774 0.411258
0.901261 0.222833 0.305550
0.899990 0.034496 0.412678
0.900236 0.203856 0.311331
0.905972 0.133156 0.341743
0.917086 0.137738 0.322211
0.906437 0.197539 0.301980
0.909692 0.062001 0.378995
0.911671 0.179710 0.300155
0.897304 0.208121 0.332150
0.897201 0.158771 0.356260
0.901260 0.195816 0.326883
0.900305 0.191358 0.332424
0.906993 0.127676 0.329658
0.911690 0.177334 0.302151
0.901780 0.193898 0.331461
0.914408 0.195101 0.297086
0.902670 0.173074 0.314320
0.906279 0.116868 0.362812
0.909637 0.223052 0.293912
0.899495 0.198615 0.331705
0.900564 0.162936 0.341782
0.902511 0.225425 0.299676
0.903156 0.189947 0.307392
0.922595 0.164235 0.293350
0.920350 0.166839 0.296939
0.896655 0.278797 0.304998
0.897879 0.154448 0.373900
0.913088 0.128992 0.324710
0.917320 0.133496 0.322234
0.900651 0.145167 0.343037
0.899663 0.141735 0.347385
0.908936 0.118422 0.360711
0.907571 0.160141 0.305282
0.908112 0.139777 0.310667
0.908287 0.093578 0.363348
0.908147 0.070147 0.370317
0.904496 0.093419 0.365550
0.902813 0.097573 0.396375
0.915418 0.164935 0.297043
0.914978 0.181740 0.290935
0.901955 0.149362 0.321836
0.896492 0.167088 0.336316
0.921578 0.118250 0.324651
0.920195 0.149624 0.354760
0.933726 0.091104 0.349850
0.933616 0.174794 0.312041
0.933658 0.178465 0.306436
0.930542 0.125466 0.337810
0.929568 0.146984 0.336146
0.931212 0.071595 0.358194
0.930467 0.070882 0.361297
0.930607 0.180894 0.314895
0.937495 0.236398 0.257323
0.928504 0.136753 0.343883
0.928400 0.057082 0.363546
0.920211 0.159824 0.351819
0.924879 0.236961 0.290637
0.938664 0.209603 0.269762
0.937688 0.076436 0.341178
0.928923 0.179902 0.322749
0.933982 0.099258 0.336431
0.932543 0.167566 0.315154
0.929828 0.031562 0.362393
0.929488 0.041939 0.361823
0.930515 0.188352 0.305764
0.926099 0.181991 0.320985
0.928980 0.121253 0.339987
0.934536 0.236052 0.259227
0.932689 0.237724 0.266439
0.928943 0.151993 0.324716
0.926912 0.081037 0.360990
0.930801 0.190498 0.301931
0.927953 0.072618 0.363687
0.936942 0.213803 0.269135
0.926622 0.228065 0.292170
0.937508 0.104343 0.328243
0.933188 0.068486 0.351004
0.935177 0.057820 0.351035
0.933676 0.163218 0.302931
0.929457 0.227354 0.285326
0.928565 0.161608 0.323031
0.929241 0.181732 0.306685
0.933090 0.231330 0.271726
0.923478 0.186595 0.336072
0.923573 0.199963 0.323225
0.922125 0.188230 0.331030
0.929471 0.240716 0.267564
0.927016 0.194085 0.312503
0.932309 0.247963 0.249655
0.924783 0.237064 0.294981
0.926156 0.228827 0.287339
0.926519 0.238194 0.286262
0.933733 0.225118 0.264616
0.932579 0.188177 0.301410
0.936104 0.217407 0.269839
0.929146 0.244934 0.271193
0.924547 0.221498 0.299289
0.921893 0.091856 0.365092
0.918289 0.166011 0.352086
0.937653 0.208087 0.277166
0.943292 0.202190 0.263394
0.933387 0.147267 0.321142
0.932905 0.221635 0.279945
0.929241 0.197411 0.303593
0.938049 0.130104 0.316206
0.928360 0.196796 0.307535
0.927524 0.194971 0.311495
0.933820 0.214399 0.276931
0.925407 0.200725 0.309519
0.928298 0.185818 0.312220
0.921269 0.234282 0.303124
0.920861 0.240329 0.302424
0.923582 0.200995 0.321099
0.941155 0.224049 0.252838
0.937802 0.193282 0.286690
0.933557 0.215581 0.274162
0.924940 0.254221 0.277082
0.931380 0.224627 0.281527
0.932639 0.198875 0.290246
0.928732 0.231955 0.282148
0.931040 0.233831 0.269299
0.920813 0.251071 0.301352
0.926681 0.220134 0.292520
0.924017 0.237848 0.292086
0.935517 0.192409 0.290484
0.930505 0.192913 0.301549
0.939638 0.235002 0.254381
0.937081 0.200510 0.298999
0.946734 0.191762 0.262930
0.937025 0.193366 0.311197
0.936281 0.204855 0.296632
0.937257 0.156816 0.325262
0.946820 0.200058 0.254058
0.939689 0.143223 0.319421
0.947403 0.194454 0.257175
0.943265 0.188587 0.274472
0.939621 0.175080 0.301029
0.941957 0.217311 0.269834
0.943374 0.217682 0.267823
0.943849 0.189578 0.268488
0.945538 0.199797 0.254526
0.953415 0.193275 0.252082
0.935360 0.094709 0.358057
0.936011 0.135329 0.332349
0.937295 0.133708 0.331626
0.949951 0.193745 0.252335
0.943511 0.180181 0.279725
0.942493 0.186229 0.276794
0.937973 0.213278 0.281847
0.939573 0.201279 0.279391
0.938144 0.203055 0.277783
0.939550 0.186406 0.287882
0.938017 0.219831 0.275552
0.937874 0.175559 0.290567
0.939616 0.192845 0.275043
0.944224 0.163832 0.285003
0.941064 0.235016 0.263730
0.945487 0.036697 0.348649
0.942421 0.163812 0.298730
0.935551 0.205609 0.288621
0.942611 0.048962 0.348735
0.940608 0.145898 0.312511
0.938634 0.167817 0.302192
0.935434 0.087083 0.363396
0.936035 0.131186 0.339998
0.938882 0.153587 0.309851
0.943633 0.217973 0.259195
0.953544 0.185053 0.250073
0.934079 0.192253 0.312429
0.933602 0.206585 0.304393
0.949239 0.081431 0.322007
0.948490 0.057246 0.332187
0.936822 0.085874 0.361779
0.935686 0.025411 0.374347
0.938330 0.000000 0.366219
0.934944 0.165358 0.317783
0.934025 0.172464 0.327083
0.932946 0.176837 0.332771
0.941299 0.012335 0.355201
0.948642 0.221786 0.248825
0.935184 0.136914 0.334303
0.934998 0.058794 0.369040
0.932920 0.212124 0.297269
0.930891 0.204528 0.318932
0.946460 0.079166 0.324156
0.932264 0.214000 0.308580
0.938421 0.084595 0.348962
0.939863 0.096060 0.341903
0.934220 0.129551 0.346731
0.939360 0.038977 0.359305
0.937355 0.041838 0.361938
0.937098 0.041433 0.362457
0.937917 0.031640 0.359907
0.944522 0.138045 0.302244
0.945634 0.127061 0.308018
0.941571 0.062700 0.340149
0.938790 0.118047 0.326828
0.936740 0.119864 0.333439
0.944404 0.083835 0.326320
0.932381 0.119895 0.354553
0.931680 0.116534 0.355158
0.946311 0.057472 0.330516
0.931726 0.151846 0.346702
0.929672 0.229888 0.304213
