0.664208 0.450027 0.000000
0.692877 0.048528 0.106618
0.000000 0.723072 0.166916
0.291196 0.686827 0.000000
0.724748 0.000000 0.119004
0.436380 0.337781 0.234962
0.777688 0.000000 0.085130
0.255221 0.185250 0.526888
0.255932 0.720599 0.000000
0.435872 0.268363 0.076667
0.433373 0.271096 0.104828
0.798970 0.185670 0.000000
0.892145 0.234148 0.000000
0.000000 0.194077 0.727399
0.312440 0.519157 0.085755
0.083479 1.023202 0.000000
0.575301 0.293692 0.046999
0.068610 0.921669 0.000000
0.654714 0.357671 0.000000
0.090643 0.042533 0.751989
1.058036 0.043760 0.042431
0.553626 0.352042 0.000000
0.000000 0.942625 0.065640
1.004027 0.232211 0.000000
0.959194 0.233468 0.000000
0.254089 0.542888 0.083223
0.585845 0.351849 0.000000
0.591751 0.329212 0.000000
0.967668 0.000000 0.109949
0.231700 0.572592 0.064728
0.654916 0.409352 0.000000
0.227046 0.725786 0.000000
0.058976 0.785584 0.078639
1.144994 0.217671 0.000000
0.942942 0.049152 0.040639
