0.117077 0.723896 0.000000
0.217817 0.709417 0.000000
0.672315 0.000000 0.216597
0.667890 0.023050 0.222398
0.453516 0.000000 0.425116
0.174696 0.319303 0.464433
0.245333 0.842545 0.000000
0.104057 0.184889 0.437462
0.000000 0.572908 0.292009
0.000000 0.249323 0.592426
0.000000 0.435366 0.575614
0.061317 1.010519 0.000000
0.130293 0.470452 0.226360
0.465074 0.115407 0.439602
0.044403 0.945706 0.000000
0.032217 0.134240 0.770661
0.158002 0.706251 0.000000
0.000000 0.416022 0.486901
0.165074 0.396268 0.221155
0.071025 0.247057 0.515576
0.208658 0.461867 0.201033
0.658679 0.008419 0.199204
0.197269 0.000000 0.785802
0.013121 0.236324 0.523014
0.193542 0.697751 0.000000
0.005103 0.268443 0.568079
0.000000 0.288813 0.518184
0.007794 0.337532 0.454679
0.000000 0.393032 0.740413
0.000000 0.662140 0.418400
0.000000 0.773088 0.234474
0.451979 0.000000 0.531097
0.000000 0.287624 0.648578
0.065947 0.279518 0.526279
