0.000000 0.000000 0.905296
0.000000 0.000000 0.905410
0.000000 0.000000 0.902266
0.000000 0.000000 0.895479
0.000000 0.000000 0.894705
0.000000 0.000000 0.897573
0.000000 0.000000 0.898036
0.000000 0.000000 0.894567
0.000000 0.000000 0.896383
0.000000 0.000000 0.896618
0.000000 0.000000 0.893999
0.000000 0.000000 0.896646
0.000000 0.000000 0.898135
0.000000 0.000000 0.900472
0.000000 0.000000 0.897874
0.000000 0.000000 0.894265
0.000000 0.000000 0.896275
0.000000 0.000000 0.893927
0.000000 0.000000 0.895833
0.000000 0.000000 0.893382
0.000000 0.000000 0.895300
0.000000 0.000000 0.893837
0.000000 0.000000 0.895371
0.000000 0.000000 0.895372
0.000000 0.000000 0.895376
0.000000 0.000000 0.903863
0.000000 0.000000 0.905275
0.000000 0.000000 0.903858
0.000000 0.000000 0.904065
0.000000 0.000000 0.895835
0.000000 0.000000 0.900087
0.000000 0.000000 0.895645
0.000000 0.000000 0.896588
0.000000 0.000000 0.893561
0.000000 0.000000 0.898174
0.000000 0.000000 0.893301
0.000000 0.000000 0.894692
0.000000 0.000000 0.895420
0.000000 0.000000 0.895097
0.000000 0.000000 0.895827
0.000000 0.000000 0.893867
0.000000 0.000000 0.894685
0.000000 0.000000 0.896145
0.000000 0.000000 0.898001
0.000000 0.000000 0.895151
0.000000 0.000000 0.897055
0.000000 0.000000 0.897408
0.000000 0.000000 0.893348
0.000000 0.000000 0.895129
0.000000 0.000000 0.893483
0.000000 0.000000 0.901147
0.000000 0.000000 0.893756
0.000000 0.000000 0.890819
0.000000 0.000000 0.891466
0.000000 0.000000 0.890885
0.000000 0.000000 0.892430
0.000000 0.000000 0.891106
0.000000 0.000000 0.892380
0.000000 0.000000 0.892613
0.000000 0.000000 0.891878
0.000000 0.000000 0.891395
0.000000 0.000000 0.891319
0.000000 0.000000 0.903947
0.000000 0.000000 0.900706
0.000000 0.000000 0.899503
0.000000 0.000000 0.897819
0.000000 0.000000 0.901380
0.000000 0.000000 0.893651
0.000000 0.000000 0.901085
0.000000 0.000000 0.898178
0.000000 0.000000 0.893874
0.000000 0.000000 0.896783
0.000000 0.000000 0.897613
0.000000 0.000000 0.898092
0.000000 0.000000 0.893284
0.000000 0.000000 0.894474
0.000000 0.000000 0.893733
0.000000 0.000000 0.895203
0.000000 0.000000 0.893309
0.000000 0.000000 0.891479
0.000000 0.000000 0.891441
0.000000 0.000000 0.892627
0.000000 0.236757 0.936103
0.000000 0.000000 0.877892
0.000000 0.000000 0.873108
0.000000 0.000000 0.875002
0.000000 0.000000 0.875448
0.000000 0.000000 0.873164
0.000000 0.000000 0.873656
0.000000 0.000000 0.876728
0.000000 0.000000 0.877697
0.000000 0.000000 0.876473
0.000000 0.000000 0.876336
0.000000 0.000000 0.877257
0.000000 0.000000 0.874303
0.000000 0.000000 0.878329
0.000000 0.000000 0.868575
0.000000 0.000000 0.865433
0.000000 0.000000 0.866949
0.000000 0.000000 0.867325
0.000000 0.000000 0.869392
0.000000 0.000000 0.868845
0.000000 0.000000 0.872553
0.000000 0.000000 0.872651
0.000000 0.000000 0.870904
0.000000 0.000000 0.871400
0.000000 0.000000 0.871199
0.000000 0.000000 0.869266
0.000000 0.000000 0.870992
0.000000 0.000000 0.869408
0.000000 0.000000 0.866285
0.000000 0.000000 0.866246
0.000000 0.000000 0.865776
0.000000 0.000000 0.868346
0.000000 0.000000 0.865304
0.000000 0.000000 0.864784
0.000000 0.000000 0.865072
0.000000 0.000000 0.873977
0.000000 0.000000 0.874175
0.000000 0.000000 0.877143
0.000000 0.000000 0.874590
0.000000 0.000000 0.873105
0.000000 0.000000 0.873809
0.000000 0.000000 0.873779
0.000000 0.000000 0.875295
0.000000 0.000000 0.878490
0.000000 0.000000 0.876577
0.000000 0.000000 0.874038
0.000000 0.000000 0.870827
0.000000 0.000000 0.869837
0.000000 0.000000 0.870964
0.000000 0.000000 0.870712
0.000000 0.000000 0.871730
0.000000 0.000000 0.871378
0.000000 0.000000 0.872780
0.000000 0.000000 0.868917
0.000000 0.000000 0.872713
0.000000 0.000000 0.871503
0.000000 0.000000 0.872871
0.000000 0.000000 0.871650
0.000000 0.000000 0.871416
0.000000 0.000000 0.869849
0.000000 0.000000 0.868974
0.000000 0.000000 0.871447
0.000000 0.000000 0.871124
0.000000 0.000000 0.870752
0.000000 0.000000 0.871349
0.000000 0.000000 0.872606
0.000000 0.000000 0.871517
0.000000 0.000000 0.870978
0.000000 0.000000 0.869813
0.000000 0.000000 0.863314
0.000000 0.000000 0.873103
0.000000 0.000000 0.888144
0.000000 0.000000 0.874852
0.000000 0.000000 0.875607
0.000000 0.000000 0.875256
0.000000 0.000000 0.873299
0.000000 0.000000 0.873293
0.000000 0.000000 0.872638
0.000000 0.000000 0.867036
0.000000 0.000000 0.868746
0.000000 0.000000 0.866197
0.000000 0.000000 0.870089
0.000000 0.000000 0.869589
0.000000 0.000000 0.869851
0.000000 0.000000 0.868962
0.000000 0.000000 0.870539
0.000000 0.000000 0.871382
0.000000 0.000000 0.870800
0.000000 0.000000 0.926569
0.000000 0.000000 0.923254
0.000000 0.000000 0.926554
0.000000 0.000000 0.924250
0.000000 0.000000 0.925504
0.000000 0.000000 0.923625
0.000000 0.000000 0.922144
0.000000 0.000000 0.923319
0.000000 0.000000 0.922826
0.000000 0.000000 0.923301
0.000000 0.000000 0.922820
0.000000 0.000000 0.925442
0.000000 0.000000 0.926389
0.000000 0.000000 0.929397
0.000000 0.000000 0.924881
0.000000 0.000000 0.926702
0.000000 0.000000 0.924504
0.000000 0.000000 0.923290
0.000000 0.000000 0.922656
0.000000 0.000000 0.923998
0.000000 0.000000 0.924314
0.000000 0.000000 0.928536
0.000000 0.000000 0.920074
0.000000 0.000000 0.920203
0.000000 0.000000 0.921125
0.000000 0.000000 0.920837
0.000000 0.000000 0.918816
0.000000 0.000000 0.921862
0.000000 0.000000 0.919080
0.000000 0.000000 0.921507
0.000000 0.000000 0.920212
0.000000 0.000000 0.920748
0.000000 0.000000 0.921317
0.000000 0.000000 0.919918
0.000000 0.000000 0.920825
0.000000 0.000000 0.918432
0.000000 0.000000 0.920704
0.000000 0.000000 0.920267
0.000000 0.000000 0.920389
0.000000 0.000000 0.921386
0.000000 0.000000 0.920880
0.000000 0.000000 0.921061
0.000000 0.000000 0.924244
0.000000 0.000000 0.922123
0.000000 0.000000 0.928191
0.000000 0.000000 0.925276
0.000000 0.000000 0.928701
0.000000 0.000000 0.919741
0.000000 0.000000 0.921322
0.000000 0.000000 0.921590
0.000000 0.000000 0.921182
0.000000 0.000000 0.918581
0.000000 0.000000 0.918912
0.000000 0.000000 0.918782
0.000000 0.000000 0.921286
0.000000 0.000000 0.919889
0.000000 0.000000 0.919439
0.000000 0.000000 0.920199
0.000000 0.000000 0.919069
0.000000 0.000000 0.919200
0.000000 0.000000 0.920694
0.000000 0.000000 0.917554
0.000000 0.000000 0.914272
0.000000 0.000000 0.917218
0.000000 0.000000 0.917991
0.000000 0.000000 0.916099
0.000000 0.000000 0.917701
0.000000 0.000000 0.917736
0.000000 0.000000 0.914373
0.000000 0.000000 0.913948
0.000000 0.000000 0.913982
0.000000 0.000000 0.915163
0.000000 0.000000 0.918190
0.000000 0.000000 0.915724
0.000000 0.000000 0.914469
0.000000 0.000000 0.927922
0.000000 0.000000 0.924094
0.000000 0.000000 0.922841
0.000000 0.000000 0.926855
0.000000 0.000000 0.881700
0.000000 0.000000 0.880954
0.000000 0.000000 0.886364
0.000000 0.000000 0.882097
0.000000 0.000000 0.878572
0.000000 0.000000 0.874407
0.000000 0.000000 0.873271
0.000000 0.000000 0.876755
0.000000 0.000000 0.873442
0.000000 0.000000 0.874061
0.000000 0.000000 0.872961
0.000000 0.000000 0.872092
0.000000 0.000000 0.872431
0.000000 0.000000 0.871679
0.000000 0.000000 0.880690
0.000000 0.000000 0.884910
0.000000 0.000000 0.873023
0.000000 0.000000 0.872810
0.000000 0.000000 0.874863
0.000000 0.000000 0.873153
0.000000 0.000000 0.876240
0.000000 0.000000 0.876777
0.000000 0.000000 0.876153
0.000000 0.000000 0.874832
0.000000 0.000000 0.876164
0.000000 0.000000 0.873931
0.000000 0.000000 0.871734
0.000000 0.000000 0.872802
0.000000 0.000000 0.875313
0.000000 0.000000 0.875125
0.000000 0.000000 0.870858
0.000000 0.000000 0.869290
0.000000 0.000000 0.868369
0.000000 0.000000 0.868436
0.000000 0.000000 0.868492
0.000000 0.000000 0.870814
0.000000 0.000000 0.883287
0.000000 0.000000 0.886855
0.000000 0.000000 0.880280
0.000000 0.000000 0.878243
0.000000 0.000000 0.872876
0.000000 0.000000 0.874922
0.000000 0.000000 0.873489
0.000000 0.000000 0.874504
0.000000 0.000000 0.873683
0.000000 0.000000 0.871829
0.000000 0.000000 0.871926
0.000000 0.000000 0.871741
0.000000 0.000000 0.877708
0.000000 0.000000 0.871382
0.000000 0.000000 0.868499
0.000000 0.000000 0.869945
0.000000 0.000000 0.869990
0.000000 0.000000 0.870645
0.000000 0.000000 0.871622
0.000000 0.000000 0.870880
0.000000 0.000000 0.871207
0.000000 0.000000 0.869518
0.000000 0.000000 0.870278
0.000000 0.000000 0.870598
0.000000 0.000000 0.885853
0.000000 0.000000 0.878922
0.000000 0.000000 0.879022
0.000000 0.000000 0.878136
0.000000 0.000000 0.872977
0.000000 0.000000 0.875736
0.000000 0.000000 0.875583
0.000000 0.000000 0.874202
0.000000 0.000000 0.873861
0.000000 0.000000 0.876544
0.000000 0.000000 0.873921
0.000000 0.000000 0.875301
0.000000 0.000000 0.874864
0.000000 0.000000 0.898590
0.000000 0.000000 0.904562
0.000000 0.000000 0.898686
0.000000 0.000000 0.898786
0.000000 0.000000 0.898916
0.000000 0.000000 0.896725
0.000000 0.000000 0.899864
0.000000 0.000000 0.902643
0.000000 0.000000 0.900725
0.000000 0.000000 0.897454
0.000000 0.000000 0.903750
0.000000 0.000000 0.897485
0.000000 0.000000 0.898314
0.000000 0.000000 0.896717
0.000000 0.000000 0.899577
0.000000 0.000000 0.899053
0.000000 0.000000 0.897967
0.000000 0.000000 0.899237
0.000000 0.000000 0.897073
0.000000 0.000000 0.900326
0.000000 0.000000 0.902415
0.000000 0.000000 0.902546
0.000000 0.000000 0.896224
0.000000 0.000000 0.907163
0.000000 0.000000 0.902884
0.000000 0.000000 0.902467
0.000000 0.000000 0.902040
0.000000 0.000000 0.902994
0.000000 0.000000 0.909092
0.000000 0.000000 0.905506
0.000000 0.000000 0.903104
0.000000 0.000000 0.899713
0.000000 0.000000 0.897641
0.000000 0.000000 0.900207
0.000000 0.000000 0.898240
0.000000 0.000000 0.898835
0.000000 0.000000 0.898191
0.000000 0.000000 0.899642
0.000000 0.000000 0.896477
0.000000 0.000000 0.894635
0.000000 0.000000 0.895788
0.000000 0.000000 0.895600
0.000000 0.000000 0.893981
0.000000 0.000000 0.901865
0.000000 0.000000 0.898756
0.000000 0.000000 0.898921
0.000000 0.000000 0.897589
0.000000 0.000000 0.899425
0.000000 0.000000 0.900551
0.000000 0.000000 0.902379
0.000000 0.000000 0.901650
0.000000 0.000000 0.899741
0.000000 0.000000 0.899899
0.000000 0.000000 0.899345
0.000000 0.000000 0.896339
0.000000 0.000000 0.900678
0.000000 0.000000 0.904573
0.000000 0.000000 0.899685
0.000000 0.000000 0.897871
0.000000 0.000000 0.898233
0.000000 0.000000 0.894850
0.000000 0.000000 0.893425
0.000000 0.000000 0.894834
0.000000 0.000000 0.892878
0.000000 0.000000 0.895969
0.000000 0.000000 0.893391
0.000000 0.000000 0.895035
0.000000 0.000000 0.895761
0.000000 0.000000 0.894742
0.000000 0.000000 0.895034
0.000000 0.000000 0.895528
0.000000 0.000000 0.893787
0.000000 0.000000 0.890998
0.000000 0.000000 0.888317
0.000000 0.000000 0.887729
0.000000 0.000000 0.888272
0.000000 0.000000 0.887983
0.000000 0.000000 0.901399
0.000000 0.000000 0.915606
0.000000 0.000000 0.914258
0.000000 0.000000 0.914926
0.000000 0.000000 0.913387
0.000000 0.000000 0.915094
0.000000 0.000000 0.923935
0.000000 0.000000 0.918700
0.000000 0.000000 0.912316
0.000000 0.000000 0.909249
0.000000 0.000000 0.909617
0.000000 0.000000 0.910449
0.000000 0.000000 0.913395
0.000000 0.000000 0.912674
0.000000 0.000000 0.907817
0.000000 0.000000 0.907792
0.000000 0.000000 0.908628
0.000000 0.000000 0.908062
0.000000 0.000000 0.906806
0.000000 0.000000 0.906955
0.000000 0.000000 0.907669
0.000000 0.000000 0.908195
0.000000 0.000000 0.908822
0.000000 0.000000 0.907727
0.000000 0.000000 0.907059
0.000000 0.000000 0.907309
0.000000 0.000000 0.916913
0.000000 0.000000 0.912721
0.000000 0.000000 0.909706
0.000000 0.000000 0.909201
0.000000 0.000000 0.910989
0.000000 0.000000 0.910071
0.000000 0.000000 0.907327
0.000000 0.000000 0.907281
0.000000 0.000000 0.908538
0.000000 0.000000 0.908220
0.000000 0.000000 0.908738
0.000000 0.000000 0.908204
0.000000 0.000000 0.908401
0.000000 0.000000 0.904911
0.000000 0.000000 0.906501
0.000000 0.000000 0.906214
0.000000 0.000000 0.905912
0.000000 0.000000 0.905789
0.000000 0.000000 0.905586
0.000000 0.000000 0.904930
0.000000 0.000000 0.905737
0.000000 0.000000 0.905679
0.000000 0.000000 0.905696
0.000000 0.000000 0.913982
0.000000 0.000000 0.909681
0.000000 0.000000 0.908896
0.000000 0.000000 0.906990
0.000000 0.000000 0.907448
0.000000 0.000000 0.907560
0.000000 0.000000 0.905233
0.000000 0.000000 0.905446
0.000000 0.000000 0.905001
0.000000 0.000000 0.904949
0.000000 0.000000 0.902726
0.000000 0.000000 0.903129
0.000000 0.000000 0.901868
0.000000 0.000000 0.903344
0.000000 0.000000 0.903591
0.000000 0.000000 0.902214
0.000000 0.000000 0.902879
0.000000 0.000000 0.903575
0.000000 0.000000 0.902418
0.000000 0.000000 0.900780
0.000000 0.000000 0.902398
0.000000 0.000000 0.903425
0.000000 0.000000 0.902915
0.000000 0.000000 0.902029
0.000000 0.000000 0.913752
0.000000 0.000000 0.897711
0.000000 0.000000 0.897984
0.000000 0.000000 0.900286
0.000000 0.000000 0.899469
0.000000 0.000000 0.895876
0.000000 0.000000 0.900405
0.000000 0.000000 0.895256
0.000000 0.000000 0.896973
0.000000 0.000000 0.897010
0.000000 0.000000 0.895030
0.000000 0.000000 0.895262
0.000000 0.000000 0.895641
0.000000 0.000000 0.896909
0.000000 0.000000 0.895277
0.000000 0.000000 0.895274
0.000000 0.000000 0.895074
0.000000 0.000000 0.894794
0.000000 0.000000 0.894422
0.000000 0.000000 0.894529
0.000000 0.000000 0.895532
0.000000 0.000000 0.895711
0.000000 0.000000 0.896831
0.000000 0.000000 0.896413
0.000000 0.000000 0.896194
0.000000 0.000000 0.895287
0.000000 0.000000 0.898595
0.000000 0.000000 0.902087
0.000000 0.000000 0.895975
0.000000 0.000000 0.900655
0.000000 0.000000 0.896874
0.000000 0.000000 0.895894
0.000000 0.000000 0.896998
0.000000 0.000000 0.897618
0.000000 0.000000 0.894669
0.000000 0.000000 0.894576
0.000000 0.000000 0.894757
0.000000 0.000000 0.893661
0.000000 0.000000 0.892181
0.000000 0.000000 0.892126
0.000000 0.000000 0.892565
0.000000 0.000000 0.893398
0.000000 0.000000 0.892389
0.000000 0.000000 0.894031
0.000000 0.000000 0.895249
0.000000 0.000000 0.895414
0.000000 0.000000 0.897644
0.000000 0.000000 0.902743
0.000000 0.000000 0.894453
0.000000 0.000000 0.894746
0.000000 0.000000 0.894673
0.000000 0.000000 0.894435
0.000000 0.000000 0.894312
0.000000 0.000000 0.894182
0.000000 0.000000 0.892957
0.000000 0.000000 0.892957
0.000000 0.000000 0.885579
0.000000 0.000000 0.891013
0.000000 0.000000 0.889111
0.000000 0.000000 0.886309
0.000000 0.000000 0.890459
0.000000 0.000000 0.888950
0.000000 0.000000 0.889909
0.000000 0.000000 0.891185
0.000000 0.000000 0.891050
0.000000 0.000000 0.889653
0.000000 0.000000 0.889374
0.000000 0.000000 0.889557
0.000000 0.000000 0.889274
0.000000 0.000000 0.890123
0.000000 0.000000 0.889978
0.000000 0.000000 0.907403
0.000000 0.000000 0.891815
0.000000 0.000000 0.891809
0.000000 0.000000 0.896819
0.000000 0.000000 0.891983
0.000000 0.000000 0.891597
0.000000 0.000000 0.891469
0.000000 0.000000 0.895513
0.000000 0.000000 0.891028
0.000000 0.000000 0.891541
0.000000 0.000000 0.890869
0.000000 0.000000 0.892349
0.000000 0.000000 0.890041
0.000000 0.000000 0.890553
0.000000 0.000000 0.891672
0.000000 0.000000 0.890343
0.000000 0.000000 0.894788
0.000000 0.000000 0.893910
0.000000 0.000000 0.887367
0.000000 0.000000 0.888760
0.000000 0.000000 0.885691
0.000000 0.000000 0.888463
0.000000 0.000000 0.889412
0.000000 0.000000 0.889259
0.000000 0.000000 0.887705
0.000000 0.000000 0.887737
0.000000 0.000000 0.886165
0.000000 0.000000 0.888703
0.000000 0.000000 0.886769
0.000000 0.000000 0.888962
0.000000 0.000000 0.886904
0.000000 0.000000 0.888543
0.000000 0.000000 0.894350
0.000000 0.000000 0.889635
0.000000 0.000000 0.891702
0.000000 0.000000 0.892548
0.000000 0.000000 0.892384
0.000000 0.000000 0.893389
0.000000 0.000000 0.890293
0.000000 0.000000 0.893036
0.000000 0.000000 0.888261
0.000000 0.000000 0.887817
0.000000 0.000000 0.888911
0.000000 0.000000 0.887665
0.000000 0.000000 0.886057
0.000000 0.000000 0.885676
0.000000 0.000000 0.886086
0.000000 0.000000 0.885730
0.000000 0.000000 0.889321
0.000000 0.000000 0.887496
0.000000 0.000000 0.888823
0.000000 0.000000 0.887943
0.000000 0.000000 0.889383
0.000000 0.000000 0.887694
0.000000 0.000000 0.887464
0.000000 0.000000 0.888268
0.000000 0.000000 0.888084
0.000000 0.000000 0.883404
0.000000 0.000000 0.882844
0.000000 0.000000 0.882649
0.000000 0.000000 0.884837
0.000000 0.000000 0.883041
0.000000 0.000000 0.883194
0.000000 0.000000 0.883018
0.000000 0.000000 0.883579
0.000000 0.000000 0.897232
0.000000 0.000000 0.888006
0.000000 0.000000 0.888841
0.000000 0.000000 0.885847
0.000000 0.000000 0.886144
0.000000 0.000000 0.885815
0.000000 0.000000 0.887266
0.000000 0.000000 0.888920
0.000000 0.000000 0.887698
0.000000 0.000000 0.882597
0.000000 0.000000 0.882328
0.000000 0.000000 0.966568
0.000000 0.000000 0.967885
0.000000 0.000000 0.972029
0.000000 0.000000 0.969451
0.000000 0.000000 0.973167
0.000000 0.000000 0.971806
0.000000 0.000000 0.969384
0.000000 0.000000 0.968671
0.000000 0.000000 0.968705
0.000000 0.000000 0.969934
0.000000 0.000000 0.971580
0.000000 0.000000 0.968377
0.000000 0.000000 0.969693
0.000000 0.000000 0.968806
0.000000 0.000000 0.966734
0.000000 0.000000 0.966029
0.000000 0.000000 0.967021
0.000000 0.000000 0.969280
0.000000 0.000000 0.968457
0.000000 0.000000 0.967595
0.000000 0.000000 0.970348
0.000000 0.000000 0.974003
0.000000 0.000000 0.971694
0.000000 0.000000 0.969943
0.000000 0.000000 0.966506
0.000000 0.000000 0.970877
0.000000 0.000000 0.969340
0.000000 0.000000 0.971363
0.000000 0.000000 0.966964
0.000000 0.000000 0.966783
0.000000 0.000000 0.970181
0.000000 0.000000 0.972474
0.000000 0.000000 0.972151
0.000000 0.000000 0.966393
0.000000 0.000000 0.968077
0.000000 0.000000 0.970207
0.000000 0.000000 0.968090
0.000000 0.000000 0.967645
0.000000 0.000000 0.966706
0.000000 0.000000 0.966423
0.000000 0.000000 0.967050
0.000000 0.000000 0.967835
0.000000 0.000000 0.972512
0.000000 0.000000 0.970896
0.000000 0.000000 0.966415
0.000000 0.000000 0.966643
0.000000 0.000000 0.979208
0.000000 0.000000 0.906838
0.000000 0.000000 0.903133
0.000000 0.000000 0.911186
0.000000 0.000000 0.907403
0.000000 0.000000 0.905511
0.000000 0.000000 0.903656
0.000000 0.000000 0.908504
0.000000 0.000000 0.905376
0.000000 0.000000 0.903348
0.000000 0.000000 0.905043
0.000000 0.000000 0.906599
0.000000 0.000000 0.906712
0.000000 0.000000 0.906732
0.000000 0.000000 0.906577
0.000000 0.000000 0.913684
0.000000 0.000000 0.909193
0.000000 0.000000 0.907895
0.000000 0.000000 0.906426
0.000000 0.000000 0.910591
0.000000 0.000000 0.906617
0.000000 0.000000 0.912705
0.000000 0.000000 0.902903
0.000000 0.000000 0.904729
0.000000 0.000000 0.902792
0.000000 0.000000 0.902779
0.000000 0.000000 0.903914
0.000000 0.000000 0.905351
0.000000 0.000000 0.904593
0.000000 0.000000 0.904993
0.000000 0.000000 0.908222
0.000000 0.000000 0.907602
0.000000 0.000000 0.903996
0.000000 0.000000 0.903590
0.000000 0.000000 0.902921
0.000000 0.000000 0.903611
0.000000 0.000000 0.905734
0.000000 0.000000 0.903111
0.000000 0.000000 0.907194
0.000000 0.000000 0.909099
0.000000 0.000000 0.906532
0.000000 0.000000 0.907547
0.000000 0.000000 0.908664
0.000000 0.000000 0.908765
0.000000 0.000000 0.902800
0.000000 0.000000 0.903684
0.000000 0.000000 0.903261
0.000000 0.000000 0.909989
0.000000 0.000000 0.906352
0.000000 0.000000 0.906601
0.000000 0.000000 0.906641
0.000000 0.000000 0.910169
0.000000 0.000000 0.907099
0.000000 0.000000 0.909727
0.000000 0.000000 0.910602
0.000000 0.000000 0.906179
0.000000 0.000000 0.908260
0.000000 0.000000 0.903294
0.000000 0.000000 0.905321
0.000000 0.000000 0.905964
0.000000 0.000000 0.905307
0.000000 0.000000 0.905945
0.000000 0.000000 0.913009
0.000000 0.000000 0.906565
0.000000 0.000000 0.903721
0.000000 0.000000 0.904834
0.000000 0.000000 0.897632
0.000000 0.000000 0.899614
0.000000 0.000000 0.898535
0.000000 0.000000 0.896674
0.000000 0.000000 0.900471
0.000000 0.000000 0.900826
0.000000 0.000000 0.899556
0.000000 0.000000 0.900493
0.000000 0.000000 0.898248
0.000000 0.000000 0.899382
0.000000 0.000000 0.901009
0.000000 0.000000 0.900854
0.000000 0.000000 0.901943
0.000000 0.000000 0.911501
0.000000 0.000000 0.903077
0.000000 0.000000 0.903958
0.000000 0.000000 0.904840
0.000000 0.000000 0.870649
0.000000 0.000000 0.873220
0.000000 0.000000 0.871050
0.000000 0.000000 0.871309
0.000000 0.000000 0.870391
0.000000 0.000000 0.870638
0.000000 0.000000 0.871149
0.000000 0.000000 0.873913
0.000000 0.000000 0.870529
0.000000 0.000000 0.873281
0.000000 0.000000 0.870475
0.000000 0.000000 0.873504
0.000000 0.000000 0.875879
0.000000 0.000000 0.871928
0.000000 0.000000 0.872015
0.000000 0.000000 0.875162
0.000000 0.000000 0.872358
0.000000 0.000000 0.872021
0.000000 0.000000 0.875915
0.000000 0.000000 0.873923
0.000000 0.000000 0.870595
0.000000 0.000000 0.874784
0.000000 0.000000 0.872532
0.000000 0.000000 0.873576
0.000000 0.000000 0.876355
0.000000 0.000000 0.874013
0.000000 0.000000 0.870928
0.000000 0.000000 0.870500
0.000000 0.000000 0.870504
0.000000 0.000000 0.874922
0.000000 0.000000 0.874074
0.000000 0.000000 0.871923
0.000000 0.000000 0.871159
0.000000 0.000000 0.874310
0.000000 0.000000 0.876620
0.000000 0.000000 0.875917
0.000000 0.000000 0.876264
0.000000 0.000000 0.874703
0.000000 0.000000 0.872588
0.000000 0.000000 0.874406
0.000000 0.000000 0.872281
0.000000 0.000000 0.868491
0.000000 0.000000 0.866978
0.000000 0.000000 0.866156
0.000000 0.000000 0.869365
0.000000 0.000000 0.870272
0.000000 0.000000 0.862824
0.000000 0.000000 0.874323
0.000000 0.000000 0.871224
0.000000 0.000000 0.867845
0.000000 0.000000 0.862770
0.000000 0.000000 0.865546
0.000000 0.000000 0.865450
0.000000 0.000000 0.865054
0.000000 0.000000 0.872329
0.000000 0.000000 0.869197
0.000000 0.000000 0.866447
0.000000 0.000000 0.868419
0.000000 0.000000 0.867899
0.000000 0.000000 0.863324
0.000000 0.000000 0.862369
0.000000 0.000000 0.863836
0.000000 0.000000 0.862978
0.000000 0.000000 0.866509
0.000000 0.000000 0.866436
0.000000 0.000000 0.864553
0.000000 0.000000 0.868499
0.000000 0.000000 0.867060
0.000000 0.000000 0.861473
0.000000 0.000000 0.864709
0.000000 0.000000 0.864991
0.000000 0.000000 0.862070
0.000000 0.000000 0.866292
0.000000 0.000000 0.870160
0.000000 0.000000 0.867015
0.000000 0.000000 0.866664
0.000000 0.000000 0.866920
0.000000 0.000000 0.865854
0.000000 0.000000 0.863179
0.000000 0.000000 0.863989
0.000000 0.000000 0.863536
0.000000 0.000000 0.864536
0.000000 0.000000 0.867695
0.000000 0.000000 0.867979
0.000000 0.000000 0.868758
0.000000 0.000000 0.864589
0.000000 0.000000 0.863690
0.000000 0.000000 0.865684
0.000000 0.000000 0.867542
0.000000 0.000000 0.862836
0.000000 0.000000 0.864723
0.000000 0.000000 0.864856
0.000000 0.000000 0.864000
0.000000 0.000000 0.862475
0.000000 0.000000 0.866359
0.000000 0.000000 0.866823
0.000000 0.000000 0.860877
0.000000 0.000000 0.861470
0.000000 0.000000 0.865029
0.000000 0.000000 0.862766
0.000000 0.000000 0.869332
0.000000 0.000000 0.866112
0.000000 0.000000 0.865514
0.000000 0.000000 0.866978
0.000000 0.000000 0.869160
0.000000 0.000000 0.872833
0.000000 0.000000 0.873555
0.000000 0.000000 0.868540
0.000000 0.000000 0.870594
0.000000 0.000000 0.866945
0.000000 0.000000 0.866205
0.000000 0.000000 0.863305
0.000000 0.000000 0.868478
0.000000 0.000000 0.860762
0.000000 0.000000 0.861299
0.000000 0.000000 0.860054
0.000000 0.000000 0.869870
0.000000 0.000000 0.863583
0.000000 0.000000 0.866822
0.000000 0.000000 0.866255
0.000000 0.000000 0.873058
0.000000 0.000000 0.870465
0.000000 0.000000 0.869990
0.000000 0.000000 0.868980
0.000000 0.000000 0.871169
0.000000 0.000000 0.873581
0.000000 0.000000 0.868181
0.000000 0.000000 0.895996
0.000000 0.000000 0.896144
0.000000 0.000000 0.893080
0.000000 0.000000 0.891801
0.000000 0.000000 0.893368
0.000000 0.000000 0.892766
0.000000 0.000000 0.892825
0.000000 0.000000 0.894029
0.000000 0.000000 0.894212
0.000000 0.000000 0.892057
0.000000 0.000000 0.892085
0.000000 0.000000 0.902007
0.000000 0.000000 0.896902
0.000000 0.000000 0.902571
0.000000 0.000000 0.895988
0.000000 0.000000 0.891796
0.000000 0.000000 0.892099
0.000000 0.000000 0.893461
0.000000 0.000000 0.894136
0.000000 0.000000 0.892855
0.000000 0.000000 0.891401
0.000000 0.000000 0.896682
0.000000 0.000000 0.902086
0.000000 0.000000 0.900304
0.000000 0.000000 0.889055
0.000000 0.000000 0.887397
0.000000 0.000000 0.890571
0.000000 0.000000 0.890344
0.000000 0.000000 0.890331
0.000000 0.000000 0.890116
0.000000 0.000000 0.891094
0.000000 0.000000 0.887584
0.000000 0.000000 0.888094
0.000000 0.000000 0.887519
0.000000 0.000000 0.893750
0.000000 0.000000 0.892801
0.000000 0.000000 0.892915
0.000000 0.000000 0.890730
0.000000 0.000000 0.890150
0.000000 0.000000 0.887313
0.000000 0.000000 0.890838
0.000000 0.000000 0.890985
0.000000 0.000000 0.890578
0.000000 0.000000 0.888714
0.000000 0.000000 0.889280
0.000000 0.000000 0.887405
0.000000 0.000000 0.884680
0.000000 0.000000 0.885489
0.000000 0.000000 0.884682
0.000000 0.000000 0.885066
0.000000 0.000000 0.885327
0.000000 0.000000 0.885860
0.000000 0.000000 0.885114
0.000000 0.000000 0.886092
0.000000 0.000000 0.886216
0.000000 0.000000 0.896458
0.000000 0.000000 0.891690
0.000000 0.000000 0.892372
0.000000 0.000000 0.893205
0.000000 0.000000 0.892588
0.000000 0.000000 0.891349
0.000000 0.000000 0.890422
0.000000 0.000000 0.887820
0.000000 0.000000 0.890394
0.000000 0.000000 0.888539
0.000000 0.000000 0.815113
0.000000 0.000000 0.809705
0.000000 0.000000 0.814933
0.000000 0.000000 0.811615
0.000000 0.000000 0.811788
0.000000 0.000000 0.809562
0.000000 0.000000 0.811612
0.000000 0.000000 0.811077
0.000000 0.000000 0.811761
0.000000 0.000000 0.811651
0.000000 0.000000 0.809283
0.000000 0.000000 0.809092
0.000000 0.000000 0.808851
0.000000 0.000000 0.812622
0.000000 0.000000 0.810621
0.000000 0.000000 0.810814
0.000000 0.000000 0.809400
0.000000 0.000000 0.809744
0.000000 0.000000 0.809339
0.000000 0.000000 0.814694
0.000000 0.000000 0.814083
0.000000 0.000000 0.814010
0.000000 0.000000 0.810947
0.000000 0.000000 0.809401
0.000000 0.000000 0.809292
0.000000 0.000000 0.808975
0.000000 0.000000 0.809660
0.000000 0.000000 0.811184
0.000000 0.000000 0.810488
0.000000 0.000000 0.809730
0.000000 0.000000 0.809629
0.000000 0.000000 0.815437
0.000000 0.000000 0.819702
0.000000 0.000000 0.820419
0.000000 0.000000 0.816625
0.000000 0.000000 0.813712
0.000000 0.000000 0.811365
0.000000 0.000000 0.814228
0.000000 0.000000 0.811451
0.000000 0.000000 0.811726
0.000000 0.000000 0.814081
0.000000 0.000000 0.812993
0.000000 0.000000 0.812010
0.000000 0.000000 0.810326
0.000000 0.000000 0.810077
0.000000 0.000000 0.810279
0.000000 0.000000 0.814319
0.000000 0.000000 0.809493
0.000000 0.000000 0.809461
0.000000 0.000000 0.811131
0.000000 0.000000 0.808214
0.000000 0.000000 0.807909
0.000000 0.000000 0.808685
0.000000 0.000000 0.806179
0.000000 0.000000 0.805160
0.000000 0.000000 0.808614
0.000000 0.000000 0.806764
0.000000 0.000000 0.808683
0.000000 0.000000 0.808249
0.000000 0.000000 0.805757
0.000000 0.000000 0.808793
0.000000 0.000000 0.808017
0.000000 0.000000 0.808351
0.000000 0.000000 0.807994
0.000000 0.000000 0.807196
0.000000 0.000000 0.807128
0.000000 0.000000 0.808252
0.000000 0.000000 0.807513
0.000000 0.000000 0.806201
0.000000 0.000000 0.805863
0.000000 0.000000 0.806452
0.000000 0.000000 0.806312
0.000000 0.000000 0.818613
0.000000 0.000000 0.894845
0.000000 0.000000 0.890072
0.000000 0.000000 0.893872
0.000000 0.000000 0.889288
0.000000 0.000000 0.889197
0.000000 0.000000 0.888565
0.000000 0.000000 0.888699
0.000000 0.000000 0.891611
0.000000 0.000000 0.888229
0.000000 0.000000 0.892625
0.000000 0.000000 0.889778
0.000000 0.000000 0.886818
0.000000 0.000000 0.886882
0.000000 0.000000 0.887787
0.000000 0.000000 0.887486
0.000000 0.000000 0.890724
0.000000 0.000000 0.889566
0.000000 0.000000 0.889107
0.000000 0.000000 0.890412
0.000000 0.000000 0.886697
0.000000 0.000000 0.887307
0.000000 0.000000 0.887790
0.000000 0.000000 0.887734
0.000000 0.000000 0.887737
0.000000 0.000000 0.887373
0.000000 0.000000 0.886963
0.000000 0.000000 0.886468
0.000000 0.000000 0.879771
0.000000 0.000000 0.877441
0.000000 0.000000 0.878439
0.000000 0.000000 0.882735
0.000000 0.000000 0.883056
0.000000 0.000000 0.882264
0.000000 0.000000 0.880517
0.000000 0.000000 0.882231
0.000000 0.000000 0.881235
0.000000 0.000000 0.879494
0.000000 0.000000 0.879724
0.000000 0.000000 0.878525
0.000000 0.000000 0.884405
0.000000 0.000000 0.883900
0.000000 0.000000 0.879990
0.000000 0.000000 0.882953
0.000000 0.000000 0.883147
0.000000 0.000000 0.882900
0.000000 0.000000 0.889008
0.000000 0.000000 0.892453
0.000000 0.000000 0.892413
0.000000 0.000000 0.887549
0.000000 0.000000 0.886656
0.000000 0.000000 0.877301
0.000000 0.000000 0.879138
0.000000 0.000000 0.884201
0.000000 0.000000 0.880777
0.000000 0.000000 0.886329
0.000000 0.000000 0.877413
0.000000 0.000000 0.877533
0.000000 0.000000 0.879780
0.000000 0.000000 0.877111
0.000000 0.000000 0.877555
0.000000 0.000000 0.885251
0.000000 0.000000 0.879392
0.000000 0.000000 0.878301
0.000000 0.000000 0.879351
0.000000 0.000000 0.886342
0.000000 0.000000 0.885004
0.000000 0.000000 0.884871
0.000000 0.000000 0.877163
0.000000 0.000000 0.878888
0.000000 0.000000 0.879156
0.000000 0.000000 0.877505
0.000000 0.000000 0.877925
0.000000 0.000000 0.884597
0.000000 0.000000 0.884001
0.000000 0.000000 0.885530
0.000000 0.000000 0.882687
0.000000 0.000000 0.885567
0.000000 0.000000 0.873878
0.000000 0.000000 0.876857
0.000000 0.000000 0.876589
0.000000 0.000000 0.878350
0.000000 0.000000 0.873921
0.000000 0.000000 0.880410
0.000000 0.000000 0.883662
0.000000 0.000000 0.879130
0.000000 0.000000 0.873826
0.000000 0.000000 0.879469
0.000000 0.000000 0.877827
0.000000 0.000000 0.873066
0.000000 0.000000 0.872392
0.000000 0.000000 0.882281
0.000000 0.000000 0.873138
0.000000 0.000000 0.879876
0.000000 0.000000 0.872924
0.000000 0.000000 0.876374
0.000000 0.000000 0.874236
0.000000 0.000000 0.881653
0.000000 0.000000 0.881448
0.000000 0.000000 0.882453
0.000000 0.000000 0.880178
0.000000 0.000000 0.879395
0.000000 0.000000 0.879758
0.000000 0.000000 0.878799
0.000000 0.000000 0.881178
0.000000 0.000000 0.880448
0.000000 0.000000 0.879496
0.000000 0.000000 0.878004
0.000000 0.000000 0.875644
0.000000 0.000000 0.874813
0.000000 0.000000 0.875536
0.000000 0.000000 0.874709
0.000000 0.000000 0.881870
0.000000 0.000000 0.879198
0.000000 0.000000 0.874206
0.000000 0.000000 0.886248
0.000000 0.000000 0.877686
0.000000 0.000000 0.887899
0.000000 0.000000 0.881020
0.000000 0.000000 0.881456
0.000000 0.000000 0.880040
0.000000 0.000000 0.882155
0.000000 0.000000 0.882153
0.000000 0.000000 0.880822
0.000000 0.000000 0.880283
0.000000 0.000000 0.888089
0.000000 0.000000 0.885853
0.000000 0.000000 0.878166
0.000000 0.000000 0.883647
0.000000 0.000000 0.879937
0.000000 0.000000 0.879107
0.000000 0.000000 0.880072
0.000000 0.000000 0.883167
0.000000 0.000000 0.890390
0.000000 0.000000 0.880030
0.000000 0.000000 0.879086
0.000000 0.000000 0.875773
0.000000 0.000000 0.878059
0.000000 0.000000 0.871654
0.000000 0.000000 0.880732
0.000000 0.000000 0.873873
0.000000 0.000000 0.880931
0.000000 0.000000 0.878049
0.000000 0.000000 0.882274
0.000000 0.000000 0.883340
0.000000 0.000000 0.881645
0.000000 0.000000 0.884231
0.000000 0.000000 0.880852
0.000000 0.000000 0.880947
0.000000 0.000000 0.880726
0.000000 0.000000 0.879307
0.000000 0.000000 0.884780
0.000000 0.000000 0.889669
0.000000 0.000000 0.878904
0.000000 0.000000 0.883663
0.000000 0.000000 0.882319
0.000000 0.000000 0.881148
0.000000 0.000000 0.875988
0.000000 0.000000 0.885954
0.000000 0.000000 0.880886
0.000000 0.000000 0.886754
0.000000 0.000000 0.886689
0.000000 0.000000 0.963890
0.000000 0.000000 0.971790
0.000000 0.000000 0.964260
0.000000 0.000000 0.963622
0.000000 0.000000 0.964292
0.000000 0.000000 0.983964
0.000000 0.000000 0.964275
0.000000 0.000000 0.969764
0.000000 0.000000 0.980715
0.000000 0.000000 0.985958
0.000000 0.000000 0.977554
0.000000 0.000000 0.983996
0.000000 0.000000 0.976941
0.000000 0.000000 0.970772
0.000000 0.000000 0.974904
0.000000 0.000000 0.981745
0.000000 0.000000 0.969825
0.000000 0.000000 0.980427
0.000000 0.000000 0.972636
0.000000 0.000000 0.977579
0.000000 0.000000 0.980771
0.000000 0.000000 0.970630
0.000000 0.000000 0.978377
0.000000 0.000000 0.978220
0.000000 0.000000 0.983593
0.000000 0.000000 0.978504
0.000000 0.000000 0.975895
0.000000 0.000000 0.975974
0.000000 0.000000 0.971348
0.000000 0.000000 0.982033
0.000000 0.000000 0.979019
0.000000 0.000000 0.975393
0.000000 0.000000 0.975013
0.000000 0.000000 0.986605
0.000000 0.000000 0.973156
0.000000 0.000000 0.984713
0.000000 0.000000 0.973036
0.000000 0.000000 0.988649
0.000000 0.000000 0.975922
0.000000 0.000000 0.982299
0.000000 0.000000 0.984058
0.000000 0.000000 0.977131
0.000000 0.000000 0.982633
0.000000 0.000000 0.979209
0.000000 0.000000 0.980182
0.000000 0.000000 0.982810
0.000000 0.000000 0.980699
0.000000 0.017969 0.981808
0.000000 0.000000 0.984162
0.000000 0.000000 0.984204
0.000000 0.000000 0.984176
0.000000 0.000000 0.977824
0.000000 0.000000 0.975699
0.000000 0.000000 0.982947
0.000000 0.000000 0.983685
0.000000 0.000000 0.983342
0.000000 0.000000 0.978337
0.000000 0.000000 0.979176
0.000000 0.000000 0.980276
0.000000 0.000000 0.985155
0.000000 0.000000 0.982561
0.000000 0.000000 0.982500
0.000000 0.000000 0.985465
0.000000 0.000000 0.973612
0.000000 0.000000 0.979020
0.000000 0.000000 0.983137
0.000000 0.000000 0.981923
0.000000 0.000000 0.979857
0.000000 0.000000 0.972006
0.000000 0.000000 0.974972
0.000000 0.000000 0.977035
0.000000 0.000000 0.984956
0.000000 0.000000 0.981627
0.000000 0.000000 0.976147
0.000000 0.000000 0.976227
0.000000 0.000000 0.970945
0.000000 0.000000 0.979885
0.000000 0.000000 0.980478
0.000000 0.000000 0.978384
0.000000 0.000000 0.987807
0.000000 0.000000 0.972569
0.000000 0.000000 0.980681
0.000000 0.000000 0.978997
0.000000 0.000000 0.977727
0.000000 0.000000 0.978434
0.000000 0.000000 0.978128
0.000000 0.000000 0.977495
0.000000 0.000000 0.984933
0.000000 0.000000 0.985156
0.000000 0.000000 0.983962
0.000000 0.000000 0.984870
0.000000 0.000000 0.986915
0.000000 0.000000 0.979132
0.000000 0.000000 0.983059
0.000000 0.000000 0.975407
0.000000 0.000000 0.979038
0.000000 0.000000 0.981637
0.000000 0.000000 0.985441
0.000000 0.000000 0.980544
0.000000 0.000000 0.983455
0.000000 0.000000 0.983678
0.000000 0.000000 0.976202
0.000000 0.000000 0.972231
0.000000 0.013230 0.970328
0.000000 0.000000 0.980975
0.000000 0.000000 0.972057
0.000000 0.000000 0.974331
0.000000 0.000000 0.972503
0.000000 0.000000 0.971873
0.000000 0.000000 0.972211
0.000000 0.000000 0.976262
0.000000 0.000000 0.971910
0.000000 0.000000 0.969809
0.000000 0.000000 0.970075
0.000000 0.000000 0.969765
0.000000 0.000000 0.971776
0.000000 0.000000 0.970394
0.000000 0.000000 0.974015
0.000000 0.000000 0.969396
0.000000 0.000000 0.971203
0.000000 0.000000 0.974082
0.000000 0.000000 0.973281
0.000000 0.000000 0.975991
0.000000 0.000000 0.969715
0.000000 0.000000 0.969897
0.000000 0.000000 0.970886
0.000000 0.000000 0.977393
0.000000 0.000000 0.972979
0.000000 0.000000 0.973008
0.000000 0.000000 0.893090
0.000000 0.000000 0.892663
0.000000 0.000000 0.895188
0.000000 0.000000 0.884245
0.000000 0.000000 0.885769
0.000000 0.000000 0.887278
0.000000 0.000000 0.887280
0.000000 0.000000 0.886277
0.000000 0.000000 0.884631
0.000000 0.000000 0.886054
0.000000 0.000000 0.885098
0.000000 0.000000 0.887539
0.000000 0.000000 0.889709
0.000000 0.000000 0.892592
0.000000 0.000000 0.890485
0.000000 0.000000 0.889666
0.000000 0.000000 0.895183
0.000000 0.000000 0.889974
0.000000 0.000000 0.890011
0.000000 0.000000 0.892871
0.000000 0.000000 0.893172
0.000000 0.000000 0.895392
0.000000 0.000000 0.884382
0.000000 0.000000 0.884705
0.000000 0.000000 0.884914
0.000000 0.000000 0.884688
0.000000 0.000000 0.885791
0.000000 0.000000 0.886110
0.000000 0.000000 0.887688
0.000000 0.000000 0.884736
0.000000 0.000000 0.885052
0.000000 0.000000 0.883736
0.000000 0.000000 0.884641
0.000000 0.000000 0.886483
0.000000 0.000000 0.886996
0.000000 0.000000 0.886580
0.000000 0.000000 0.885642
0.000000 0.000000 0.887215
0.000000 0.000000 0.881587
0.000000 0.000000 0.882430
0.000000 0.000000 0.879633
0.000000 0.000000 0.890470
0.000000 0.000000 0.892345
0.000000 0.000000 0.884255
0.000000 0.000000 0.887835
0.000000 0.000000 0.887956
0.000000 0.000000 0.887930
0.000000 0.000000 0.887617
0.000000 0.000000 0.886415
0.000000 0.000000 0.888673
0.000000 0.000000 0.885295
0.000000 0.000000 0.886496
0.000000 0.000000 0.885534
0.000000 0.000000 0.886948
0.000000 0.000000 0.880349
0.000000 0.000000 0.879852
0.000000 0.000000 0.883105
0.000000 0.000000 0.880331
0.000000 0.000000 0.881409
0.000000 0.000000 0.882792
0.000000 0.000000 0.882725
0.000000 0.000000 0.882180
0.000000 0.000000 0.879561
0.000000 0.000000 0.882725
0.000000 0.000000 0.878564
0.000000 0.000000 0.877755
0.000000 0.000000 0.885576
0.000000 0.000000 0.887633
0.000000 0.000000 0.886707
0.000000 0.000000 0.887565
0.000000 0.000000 0.888101
0.000000 0.000000 0.887286
0.000000 0.000000 0.887092
0.000000 0.000000 0.887900
0.000000 0.000000 0.887465
0.000000 0.000000 0.887302
0.000000 0.000000 0.882713
0.000000 0.000000 0.881590
0.000000 0.000000 0.879408
0.000000 0.000000 0.882017
0.000000 0.000000 0.880882
0.000000 0.000000 0.878309
0.000000 0.000000 0.878686
0.000000 0.000000 0.903641
0.000000 0.000000 0.906433
0.000000 0.000000 0.904458
0.000000 0.000000 0.903488
0.000000 0.000000 0.903402
0.000000 0.000000 0.909955
0.000000 0.000000 0.908989
0.000000 0.000000 0.903839
0.000000 0.000000 0.903611
0.000000 0.000000 0.903963
0.000000 0.000000 0.909351
0.000000 0.000000 0.909743
0.000000 0.000000 0.903394
0.000000 0.000000 0.902769
0.000000 0.000000 0.910665
0.000000 0.000000 0.903547
0.000000 0.000000 0.908233
0.000000 0.000000 0.905645
0.000000 0.000000 0.904256
0.000000 0.000000 0.904775
0.000000 0.000000 0.904861
0.000000 0.000000 0.906277
0.000000 0.000000 0.908150
0.000000 0.000000 0.907045
0.000000 0.000000 0.904188
0.000000 0.000000 0.904544
0.000000 0.000000 0.902594
0.000000 0.000000 0.903702
0.000000 0.000000 0.903666
0.000000 0.000000 0.909754
0.000000 0.000000 0.904481
0.000000 0.000000 0.905864
0.000000 0.000000 0.905868
0.000000 0.000000 0.903866
0.000000 0.000000 0.905655
0.000000 0.000000 0.902444
0.000000 0.000000 0.904938
0.000000 0.000000 0.903626
0.000000 0.000000 0.908477
0.000000 0.000000 0.902800
0.000000 0.000000 0.908379
0.000000 0.000000 0.904287
0.000000 0.000000 0.902393
0.000000 0.000000 0.906105
0.000000 0.000000 0.902904
0.000000 0.000000 0.901971
0.000000 0.000000 0.901639
0.000000 0.000000 0.901114
0.000000 0.000000 0.901018
0.000000 0.000000 0.901012
0.000000 0.000000 0.900907
0.000000 0.000000 0.915720
0.000000 0.000000 0.903925
0.000000 0.000000 0.908553
0.000000 0.000000 0.911467
0.000000 0.000000 0.908151
0.000000 0.000000 0.907710
0.000000 0.000000 0.906102
0.000000 0.000000 0.906616
0.000000 0.000000 0.902387
0.000000 0.000000 0.905945
0.000000 0.000000 0.903850
0.000000 0.000000 0.911756
0.000000 0.000000 0.905153
0.000000 0.000000 0.903926
0.000000 0.000000 0.910608
0.000000 0.000000 0.904926
0.000000 0.000000 0.903201
0.000000 0.000000 0.902304
0.000000 0.000000 0.911517
0.000000 0.000000 0.903416
0.000000 0.000000 0.907092
0.000000 0.000000 0.901145
0.000000 0.000000 0.900975
0.000000 0.000000 0.900811
0.000000 0.000000 0.900134
0.000000 0.000000 0.905666
0.000000 0.000000 0.910338
0.000000 0.000000 0.910576
0.000000 0.000000 0.902819
0.000000 0.000000 0.906644
0.000000 0.000000 0.934281
0.000000 0.000000 0.935178
0.000000 0.000000 0.921784
0.000000 0.000000 0.921375
0.000000 0.000000 0.924705
0.000000 0.000000 0.919713
0.000000 0.000000 0.918363
0.000000 0.000000 0.918946
0.000000 0.000000 0.917956
0.000000 0.000000 0.917011
0.000000 0.000000 0.919773
0.000000 0.000000 0.918917
0.000000 0.000000 0.920294
0.000000 0.000000 0.921339
0.000000 0.000000 0.919324
0.000000 0.000000 0.922589
0.000000 0.000000 0.920462
0.000000 0.000000 0.918585
0.000000 0.000000 0.918227
0.000000 0.000000 0.919206
0.000000 0.000000 0.919621
0.000000 0.000000 0.916780
0.000000 0.000000 0.916989
0.000000 0.000000 0.916556
0.000000 0.000000 0.916793
0.000000 0.000000 0.913619
0.000000 0.000000 0.916090
0.000000 0.000000 0.914653
0.000000 0.000000 0.914561
0.000000 0.000000 0.914481
0.000000 0.000000 0.926179
0.000000 0.000000 0.921181
0.000000 0.000000 0.919168
0.000000 0.000000 0.924706
0.000000 0.000000 0.918915
0.000000 0.000000 0.920667
0.000000 0.000000 0.921294
0.000000 0.000000 0.916475
0.000000 0.000000 0.917105
0.000000 0.000000 0.917975
0.000000 0.000000 0.914706
0.000000 0.000000 0.915392
0.000000 0.000000 0.913863
0.000000 0.000000 0.913525
0.000000 0.000000 0.913729
0.000000 0.000000 0.913232
0.000000 0.000000 0.913267
0.000000 0.000000 0.912766
0.000000 0.000000 0.911372
0.000000 0.000000 0.912409
0.000000 0.000000 0.912169
0.000000 0.000000 0.912305
0.000000 0.000000 0.910679
0.000000 0.000000 0.924202
0.000000 0.000000 0.925241
0.000000 0.000000 0.918298
0.000000 0.000000 0.919454
0.000000 0.000000 0.916867
0.000000 0.000000 0.918068
0.000000 0.000000 0.917998
0.000000 0.000000 0.917343
0.000000 0.000000 0.915774
0.000000 0.000000 0.913362
0.000000 0.000000 0.916325
0.000000 0.000000 0.915039
0.000000 0.000000 0.914487
0.000000 0.000000 0.914107
0.000000 0.000000 0.913897
0.000000 0.000000 0.913487
0.000000 0.000000 0.916162
0.000000 0.000000 0.912247
0.000000 0.000000 0.910855
0.000000 0.000000 0.928131
0.000000 0.000000 0.916683
0.000000 0.000000 0.891930
0.000000 0.000000 0.892261
0.000000 0.000000 0.890813
0.000000 0.000000 0.891209
0.000000 0.000000 0.891443
0.000000 0.000000 0.890791
0.000000 0.000000 0.890464
0.000000 0.000000 0.890019
0.000000 0.000000 0.891929
0.000000 0.000000 0.895021
0.000000 0.000000 0.890719
0.000000 0.000000 0.893633
0.000000 0.000000 0.892203
0.000000 0.000000 0.891221
0.000000 0.000000 0.897486
0.000000 0.000000 0.896066
0.000000 0.000000 0.899868
0.000000 0.000000 0.889486
0.000000 0.000000 0.889593
0.000000 0.000000 0.889221
0.000000 0.000000 0.887440
0.000000 0.000000 0.887477
0.000000 0.000000 0.888157
0.000000 0.000000 0.887680
0.000000 0.000000 0.886568
0.000000 0.000000 0.887105
0.000000 0.000000 0.887539
0.000000 0.000000 0.886677
0.000000 0.000000 0.887539
0.000000 0.000000 0.886216
0.000000 0.000000 0.886805
0.000000 0.000000 0.890365
0.000000 0.000000 0.891512
0.000000 0.000000 0.890474
0.000000 0.000000 0.892698
0.000000 0.000000 0.890943
0.000000 0.000000 0.889672
0.000000 0.000000 0.889433
0.000000 0.000000 0.888530
0.000000 0.000000 0.888008
0.000000 0.000000 0.887044
0.000000 0.000000 0.888728
0.000000 0.000000 0.887050
0.000000 0.000000 0.886871
0.000000 0.000000 0.889030
0.000000 0.000000 0.886950
0.000000 0.000000 0.885929
0.000000 0.000000 0.889177
0.000000 0.000000 0.886579
0.000000 0.000000 0.888781
0.000000 0.000000 0.887526
0.000000 0.000000 0.887422
0.000000 0.000000 0.889205
0.000000 0.000000 0.886654
0.000000 0.000000 0.886544
0.000000 0.000000 0.889198
0.000000 0.000000 0.889067
0.000000 0.000000 0.886190
0.000000 0.000000 0.886131
0.000000 0.000000 0.886323
0.000000 0.000000 0.888440
0.000000 0.000000 0.888872
0.000000 0.000000 0.888998
0.000000 0.000000 0.888486
0.000000 0.000000 0.887476
0.000000 0.000000 0.886508
0.000000 0.000000 0.885817
0.000000 0.000000 0.885868
0.000000 0.000000 0.894043
0.000000 0.000000 0.893440
0.000000 0.000000 0.892521
0.000000 0.000000 0.887960
0.000000 0.000000 0.888447
0.000000 0.000000 0.888400
0.000000 0.000000 0.887546
0.000000 0.000000 0.886000
0.000000 0.000000 0.886020
0.000000 0.000000 0.885571
0.000000 0.000000 0.885813
0.000000 0.000000 0.885465
0.000000 0.000000 0.885444
0.000000 0.000000 0.884274
0.000000 0.000000 0.924212
0.000000 0.000000 0.923667
0.000000 0.000000 0.921605
0.000000 0.000000 0.923071
0.000000 0.000000 0.923767
0.000000 0.000000 0.920202
0.000000 0.000000 0.922254
0.000000 0.000000 0.920042
0.000000 0.000000 0.923013
0.000000 0.000000 0.919547
0.000000 0.000000 0.922560
0.000000 0.000000 0.922916
0.000000 0.000000 0.928868
0.000000 0.000000 0.926954
0.000000 0.000000 0.921115
0.000000 0.000000 0.919204
0.000000 0.000000 0.919608
0.000000 0.000000 0.919897
0.000000 0.000000 0.923712
0.000000 0.000000 0.919671
0.000000 0.000000 0.921507
0.000000 0.000000 0.916547
0.000000 0.000000 0.912958
0.000000 0.000000 0.913245
0.000000 0.000000 0.913880
0.000000 0.000000 0.917937
0.000000 0.000000 0.913703
0.000000 0.000000 0.915532
0.000000 0.000000 0.917771
0.000000 0.000000 0.914658
0.000000 0.000000 0.916965
0.000000 0.000000 0.914500
0.000000 0.000000 0.919109
0.000000 0.000000 0.915367
0.000000 0.000000 0.913791
0.000000 0.000000 0.917549
0.000000 0.000000 0.916663
0.000000 0.000000 0.918809
0.000000 0.000000 0.917716
0.000000 0.000000 0.916150
0.000000 0.000000 0.916054
0.000000 0.000000 0.915808
0.000000 0.000000 0.918285
0.000000 0.000000 0.917715
0.000000 0.000000 0.917382
0.000000 0.000000 0.917151
0.000000 0.000000 0.917626
0.000000 0.000000 0.916184
0.000000 0.000000 0.916966
0.000000 0.000000 0.917253
0.000000 0.000000 0.915535
0.000000 0.000000 0.915333
0.000000 0.000000 0.914174
0.000000 0.000000 0.917927
0.000000 0.000000 0.918512
0.000000 0.000000 0.919035
0.000000 0.000000 0.917190
0.000000 0.000000 0.917207
0.000000 0.000000 0.916351
0.000000 0.000000 0.923117
0.000000 0.000000 0.919792
0.000000 0.000000 0.920194
0.000000 0.000000 0.926248
0.000000 0.000000 0.917888
0.000000 0.000000 0.916019
0.000000 0.000000 0.917946
0.000000 0.000000 0.915477
0.000000 0.000000 0.916882
0.000000 0.000000 0.915782
0.000000 0.000000 0.919035
0.000000 0.000000 0.916694
0.000000 0.000000 0.918274
0.000000 0.000000 0.917287
0.000000 0.000000 0.915774
0.000000 0.000000 0.917085
0.000000 0.000000 0.913701
0.000000 0.000000 0.913681
0.000000 0.000000 0.913953
0.000000 0.000000 0.917496
0.000000 0.000000 0.917695
0.000000 0.000000 0.915882
0.000000 0.000000 0.911735
0.000000 0.000000 0.927703
0.000000 0.000000 0.919538
0.000000 0.000000 0.867209
0.000000 0.000000 0.850648
0.000000 0.000000 0.851791
0.000000 0.000000 0.852514
0.000000 0.000000 0.851805
0.000000 0.000000 0.852742
0.000000 0.000000 0.850186
0.000000 0.000000 0.851943
0.000000 0.000000 0.851505
0.000000 0.000000 0.856148
0.000000 0.000000 0.855876
0.000000 0.000000 0.855131
0.000000 0.000000 0.857733
0.000000 0.000000 0.855756
0.000000 0.000000 0.856979
0.000000 0.000000 0.856323
0.000000 0.000000 0.860091
0.000000 0.000000 0.854790
0.000000 0.000000 0.855980
0.000000 0.000000 0.863522
0.000000 0.000000 0.858656
0.000000 0.000000 0.861339
0.000000 0.000000 0.862596
0.000000 0.000000 0.854264
0.000000 0.000000 0.858253
0.000000 0.000000 0.851330
0.000000 0.000000 0.855437
0.000000 0.000000 0.851833
0.000000 0.000000 0.850827
0.000000 0.000000 0.852932
0.000000 0.000000 0.855394
0.000000 0.000000 0.856612
0.000000 0.000000 0.852680
0.000000 0.000000 0.854198
0.000000 0.000000 0.863631
0.000000 0.000000 0.864246
0.000000 0.000000 0.850765
0.000000 0.000000 0.857196
0.000000 0.000000 0.854711
0.000000 0.000000 0.858406
0.000000 0.000000 0.855805
0.000000 0.000000 0.857321
0.000000 0.000000 0.857782
0.000000 0.000000 0.859191
0.000000 0.000000 0.849551
0.000000 0.000000 0.849210
0.000000 0.000000 0.849730
0.000000 0.000000 0.853184
0.000000 0.000000 0.854378
0.000000 0.000000 0.856355
0.000000 0.000000 0.852240
0.000000 0.000000 0.853373
0.000000 0.000000 0.856112
0.000000 0.000000 0.857630
0.000000 0.000000 0.852316
0.000000 0.000000 0.858549
0.000000 0.000000 0.855919
0.000000 0.000000 0.861117
0.000000 0.000000 0.852926
0.000000 0.000000 0.857172
0.000000 0.000000 0.858206
0.000000 0.000000 0.857329
0.000000 0.000000 0.862046
0.000000 0.000000 0.847347
0.000000 0.000000 0.847804
0.000000 0.000000 0.844991
0.000000 0.000000 0.844558
0.000000 0.000000 0.848180
0.000000 0.000000 0.846941
0.000000 0.000000 0.848139
0.000000 0.000000 0.854089
0.000000 0.000000 0.853853
0.000000 0.000000 0.851397
0.000000 0.000000 0.856274
0.000000 0.000000 0.862415
0.000000 0.000000 0.852015
0.000000 0.000000 0.860215
0.000000 0.000000 0.958367
0.000000 0.000000 0.955404
0.000000 0.000000 0.946870
0.000000 0.000000 0.947580
0.000000 0.000000 0.949040
0.000000 0.000000 0.960554
0.000000 0.000000 0.958787
0.000000 0.000000 0.957989
0.000000 0.000000 0.951091
0.000000 0.000000 0.949192
0.000000 0.000000 0.960397
0.000000 0.000000 0.968591
0.000000 0.000000 0.963004
0.000000 0.000000 0.951509
0.000000 0.000000 0.956928
0.000000 0.000000 0.948271
0.000000 0.000000 0.948537
0.000000 0.000000 0.960163
0.000000 0.000000 0.949154
0.000000 0.000000 0.967791
0.000000 0.000000 0.960951
0.000000 0.000000 0.963355
0.000000 0.000000 0.960772
0.000000 0.000000 0.958406
0.000000 0.000000 0.962545
0.000000 0.000000 0.964143
0.000000 0.000000 0.958379
0.000000 0.000000 0.959403
0.000000 0.000000 0.960772
0.000000 0.000000 0.960747
0.000000 0.000000 0.959656
0.000000 0.000000 0.961826
0.000000 0.000000 0.958041
0.000000 0.000000 0.957809
0.000000 0.000000 0.960245
0.000000 0.000000 0.962357
0.000000 0.000000 0.954125
0.000000 0.000000 0.957425
0.000000 0.000000 0.954919
0.000000 0.000000 0.955654
0.000000 0.000000 0.956309
0.000000 0.000000 0.956257
0.000000 0.000000 0.955680
0.000000 0.000000 0.955595
0.000000 0.000000 0.954880
0.000000 0.000000 0.955052
0.000000 0.000000 0.955316
0.000000 0.000000 0.954606
0.000000 0.000000 0.956282
0.000000 0.000000 0.955966
0.000000 0.000000 0.954346
0.000000 0.000000 0.954071
0.000000 0.000000 0.958699
0.000000 0.000000 0.951057
0.000000 0.000000 0.957442
0.000000 0.000000 0.957512
0.000000 0.000000 0.954935
0.000000 0.000000 0.955537
0.000000 0.000000 0.955894
0.000000 0.000000 0.954956
0.000000 0.000000 0.956293
0.000000 0.000000 0.956777
0.000000 0.000000 0.954997
0.000000 0.000000 0.955963
0.000000 0.000000 0.954238
0.000000 0.000000 0.953551
0.000000 0.000000 0.953186
0.000000 0.000000 0.957590
0.000000 0.000000 0.962562
0.024741 0.000000 0.949323
0.000000 0.000000 0.956678
0.000000 0.000000 0.957727
0.000000 0.000000 0.961370
0.000000 0.000000 0.961988
0.000000 0.000000 0.960598
0.000000 0.000000 0.959115
0.000000 0.000000 0.963432
0.015653 0.000000 0.956328
0.016143 0.000000 0.954729
0.000000 0.000000 0.953630
0.000000 0.000000 0.954279
0.000000 0.000000 0.954147
0.000000 0.000000 0.955852
0.000000 0.000000 0.957500
0.000000 0.000000 0.946327
0.000000 0.000000 0.945442
0.000000 0.000000 0.945949
0.000000 0.000000 0.888348
0.000000 0.000000 0.887311
0.000000 0.000000 0.889551
0.000000 0.000000 0.881772
0.000000 0.000000 0.882902
0.000000 0.000000 0.883644
0.000000 0.000000 0.883379
0.000000 0.000000 0.881774
0.000000 0.000000 0.882049
0.000000 0.000000 0.882757
0.000000 0.000000 0.883773
0.000000 0.000000 0.881127
0.000000 0.000000 0.886737
0.000000 0.000000 0.886168
0.000000 0.000000 0.886471
0.000000 0.000000 0.885094
0.000000 0.000000 0.881341
0.000000 0.000000 0.885971
0.000000 0.000000 0.881219
0.000000 0.000000 0.882336
0.000000 0.000000 0.885605
0.000000 0.000000 0.883351
0.000000 0.000000 0.884935
0.000000 0.000000 0.881626
0.000000 0.000000 0.882644
0.000000 0.000000 0.883160
0.000000 0.000000 0.882125
0.000000 0.000000 0.881324
0.000000 0.000000 0.884833
0.000000 0.000000 0.876383
0.000000 0.000000 0.875169
0.000000 0.000000 0.873875
0.000000 0.000000 0.873572
0.000000 0.000000 0.876974
0.000000 0.000000 0.880285
0.000000 0.000000 0.875146
0.000000 0.000000 0.879195
0.000000 0.000000 0.878372
0.000000 0.000000 0.874548
0.000000 0.000000 0.873574
0.000000 0.000000 0.880463
0.000000 0.000000 0.875909
0.000000 0.000000 0.875688
0.000000 0.000000 0.878749
0.000000 0.000000 0.875793
0.000000 0.000000 0.876713
0.000000 0.000000 0.875854
0.000000 0.000000 0.874735
0.000000 0.000000 0.880269
0.000000 0.000000 0.876182
0.000000 0.000000 0.878141
0.000000 0.000000 0.874448
0.000000 0.000000 0.878730
0.000000 0.000000 0.878108
0.000000 0.000000 0.878602
0.000000 0.000000 0.877514
0.000000 0.000000 0.877164
0.000000 0.000000 0.879216
0.000000 0.000000 0.875673
0.000000 0.000000 0.878616
0.000000 0.000000 0.882920
0.000000 0.000000 0.882152
0.000000 0.000000 0.884893
0.000000 0.000000 0.884650
0.000000 0.000000 0.885311
0.000000 0.000000 0.883308
0.000000 0.000000 0.883515
0.000000 0.000000 0.883706
0.000000 0.000000 0.883883
0.000000 0.000000 0.882661
0.000000 0.000000 0.875888
0.000000 0.000000 0.876185
0.000000 0.000000 0.876098
0.000000 0.000000 0.879289
0.000000 0.000000 0.903186
0.000000 0.000000 0.903957
0.000000 0.000000 0.908445
0.000000 0.000000 0.910414
0.000000 0.000000 0.903959
0.000000 0.000000 0.903829
0.000000 0.000000 0.903346
0.000000 0.000000 0.902653
0.000000 0.000000 0.903986
0.000000 0.000000 0.903856
0.000000 0.000000 0.903718
0.000000 0.000000 0.902484
0.000000 0.000000 0.903303
0.000000 0.000000 0.905357
0.000000 0.000000 0.913653
0.000000 0.000000 0.911346
0.000000 0.000000 0.907996
0.000000 0.000000 0.903839
0.000000 0.000000 0.907585
0.000000 0.000000 0.904688
0.000000 0.000000 0.913568
0.000000 0.000000 0.915090
0.000000 0.000000 0.903525
0.000000 0.000000 0.906652
0.000000 0.000000 0.907244
0.000000 0.000000 0.906411
0.000000 0.000000 0.902993
0.000000 0.000000 0.906467
0.000000 0.000000 0.904780
0.000000 0.000000 0.905171
0.000000 0.000000 0.905599
0.000000 0.000000 0.904881
0.000000 0.000000 0.904373
0.000000 0.000000 0.906551
0.000000 0.000000 0.903683
0.000000 0.000000 0.902598
0.000000 0.000000 0.975602
0.000000 0.000000 0.981803
0.000000 0.000000 0.965716
0.000000 0.000000 0.967384
0.000000 0.000000 0.971118
0.000000 0.000000 0.980510
0.000000 0.000000 0.972098
0.000000 0.000000 0.972733
0.000000 0.000000 0.973508
0.000000 0.000000 0.975156
0.000000 0.000000 0.974726
0.000000 0.000000 0.967643
0.000000 0.000000 0.978470
0.000000 0.000000 0.974168
0.000000 0.000000 0.966583
0.000000 0.000000 0.975463
0.000000 0.000000 0.969529
0.000000 0.000000 0.975775
0.000000 0.000000 0.974890
0.000000 0.000000 0.976954
0.000000 0.000000 0.975854
0.000000 0.000000 0.976564
0.000000 0.000000 0.973241
0.000000 0.000000 0.974609
0.000000 0.000000 0.970844
0.000000 0.000000 0.974582
0.000000 0.000000 0.976689
0.000000 0.000000 0.975130
0.000000 0.000000 0.973617
0.000000 0.000000 0.969286
0.000000 0.000000 0.968432
0.000000 0.000000 0.980201
0.000000 0.000000 0.965197
0.000000 0.000000 0.975748
0.000000 0.000000 0.968381
0.000000 0.000000 0.970348
0.000000 0.000000 0.978191
0.000000 0.000000 0.971816
0.000000 0.000000 0.972994
0.000000 0.000000 0.973592
0.000000 0.000000 0.968174
0.000000 0.000000 0.971928
0.000000 0.000000 0.971430
0.000000 0.000000 0.974666
0.000000 0.000000 0.979314
0.000000 0.000000 0.967558
0.000000 0.000000 0.973524
0.000000 0.000000 0.974318
0.000000 0.000000 0.971108
0.000000 0.000000 0.972272
0.000000 0.000000 0.974299
0.000000 0.000000 0.975201
0.000000 0.000000 0.969245
0.000000 0.000000 0.973927
0.000000 0.000000 0.972928
0.000000 0.000000 0.970537
0.000000 0.000000 0.970052
0.000000 0.000000 0.979297
0.000000 0.000000 0.965498
0.000000 0.000000 0.970154
0.000000 0.000000 0.973423
0.000000 0.000000 0.969451
0.000000 0.000000 0.979335
0.000000 0.000000 0.981647
0.000000 0.000000 0.977611
0.000000 0.000000 0.981451
0.000000 0.000000 0.975953
0.000000 0.000000 0.971807
0.000000 0.000000 0.979380
0.000000 0.000000 0.980109
0.000000 0.000000 0.977089
0.000000 0.000000 0.977585
0.000000 0.000000 0.977572
0.000000 0.000000 0.974475
0.000000 0.000000 0.973301
0.000000 0.000000 0.977394
0.000000 0.000000 0.980243
0.000000 0.000000 0.971532
0.000000 0.000000 0.976729
0.000000 0.000000 0.979927
0.000000 0.000000 0.976911
0.000000 0.000000 0.981292
0.000000 0.000000 0.980849
0.000000 0.000000 0.977397
0.000000 0.000000 0.970845
0.000000 0.000000 0.968293
