0.981199 0.066469 0.000000
0.943611 0.160357 0.261416
0.946596 0.149807 0.087178
0.941444 0.193813 0.039766
0.938657 0.236394 0.042524
0.938109 0.156262 0.086995
0.940706 0.163303 0.049715
0.940393 0.150577 0.082165
0.930906 0.177149 0.153699
0.971184 0.090650 0.000000
0.938173 0.164877 0.139088
0.941475 0.170467 0.093807
0.942915 0.163268 0.106318
0.933779 0.194578 0.079741
0.935092 0.186838 0.117081
0.932029 0.196534 0.083586
0.917962 0.159755 0.304441
0.921513 0.161993 0.258615
0.930280 0.165454 0.122544
0.930177 0.189213 0.110391
0.973742 0.092674 0.015549
0.885137 0.066183 0.000000
0.942238 0.179132 0.220227
0.946774 0.140297 0.151118
0.943154 0.157750 0.189987
0.908626 0.346311 0.055132
0.909007 0.343962 0.059712
0.908846 0.339062 0.098761
0.957184 0.206001 0.000000
0.954422 0.170169 0.038341
0.960727 0.139357 0.044915
0.945996 0.152121 0.022840
0.952515 0.141209 0.071488
0.949195 0.144358 0.086925
0.954692 0.141165 0.083550
0.954878 0.140582 0.090741
0.974267 0.117839 0.089256
0.965269 0.111821 0.185858
0.932843 0.233814 0.118565
0.934227 0.197022 0.123093
0.934112 0.205820 0.112063
0.933473 0.233144 0.058723
0.933546 0.225653 0.064016
0.935874 0.219003 0.086457
0.936527 0.164874 0.162579
0.936205 0.196341 0.085837
0.942167 0.190577 0.068112
0.943887 0.144781 0.097848
0.943710 0.148031 0.095843
0.936108 0.152853 0.220673
0.935289 0.208079 0.099936
0.935239 0.210966 0.098978
0.941469 0.176915 0.081212
0.936915 0.160649 0.102580
0.936842 0.130517 0.114009
0.943077 0.166158 0.036329
0.948631 0.168463 0.035180
0.937029 0.231433 0.033295
0.940679 0.209606 0.024400
0.938662 0.194054 0.026458
0.934497 0.164299 0.181106
0.933259 0.269852 0.028553
0.930898 0.261846 0.161004
0.881655 0.188320 0.095063
0.935587 0.247332 0.000000
0.933365 0.264768 0.000000
0.942445 0.225036 0.003271
0.941595 0.233337 0.000000
0.939592 0.227739 0.011508
0.939239 0.221595 0.079216
0.926196 0.286760 0.010519
0.942413 0.197713 0.026227
0.944369 0.245310 0.127710
0.955053 0.185076 0.000000
0.959931 0.184137 0.000000
0.950778 0.216947 0.000000
0.952347 0.185838 0.009651
0.950564 0.217190 0.096327
0.948377 0.217456 0.068422
0.952263 0.188449 0.140809
0.945941 0.167868 0.076376
0.947439 0.160234 0.041548
0.954432 0.160036 0.071848
0.924884 0.204952 0.113769
0.863447 0.168584 0.068265
0.930005 0.185630 0.120868
0.925328 0.259407 0.187916
0.950378 0.123191 0.091155
0.928218 0.222165 0.023300
0.928574 0.218918 0.038069
0.960320 0.118528 0.136826
0.960370 0.091530 0.109029
0.956014 0.124104 0.087127
0.957246 0.121786 0.090926
0.955281 0.124936 0.118268
0.937382 0.232893 0.113036
0.938312 0.218357 0.124651
