0.252638 0.000000 0.752037
0.923272 0.155556 0.002515
0.371102 0.373412 0.044688
0.463269 0.200759 0.154478
0.267124 0.006559 0.582236
0.270620 0.857622 0.000000
0.239597 0.000000 0.723136
0.446621 0.186204 0.273381
1.010088 0.000000 0.109186
0.995446 0.000000 0.119417
0.324708 0.291578 0.155407
0.584273 0.428030 0.000000
0.000000 1.069759 0.027443
0.685645 0.227161 0.032501
0.624540 0.207907 0.016820
0.000000 0.196834 0.784478
0.000000 0.182868 0.798272
0.289000 0.228121 0.216451
0.342189 0.189330 0.197107
0.000000 0.190742 0.775772
0.000000 0.190904 0.756154
0.000000 0.652972 0.178503
0.608421 0.217568 0.071941
0.593946 0.225241 0.088193
0.299797 0.413260 0.140564
0.752368 0.203989 0.082602
0.341222 0.183354 0.206075
0.287030 0.439149 0.030149
0.637270 0.000000 0.369007
0.265590 0.000000 0.632629
0.257739 0.000000 0.634886
0.285143 0.750535 0.000000
0.249468 0.770423 0.000000
0.640462 0.000000 0.299779
0.000000 0.736644 0.103473
0.280637 0.621397 0.000000
0.290251 0.620022 0.000000
0.238080 0.000000 0.524739
0.596328 0.178742 0.039162
0.978780 0.000000 0.125096
0.633921 0.058231 0.227996
0.582533 0.448516 0.000000
