0.956767 0.092155 0.108292
0.958888 0.072094 0.094203
0.958271 0.079217 0.101378
0.964072 0.062301 0.103028
0.782577 0.539183 0.225711
0.771721 0.403384 0.468793
0.762739 0.443990 0.432087
0.885964 0.110751 0.075045
0.885977 0.134791 0.016544
0.885087 0.111667 0.144231
0.893565 0.096704 0.032150
0.888769 0.164922 0.000907
0.892489 0.106937 0.146947
0.898262 0.153783 0.000000
0.894005 0.155468 0.000000
0.898466 0.093839 0.067168
0.899565 0.105420 0.000000
0.917981 0.067954 0.033452
0.912439 0.075651 0.063681
0.890015 0.083350 0.158394
0.915502 0.087125 0.000000
0.898926 0.064715 0.104153
0.925839 0.165510 0.109912
0.926403 0.164581 0.139774
0.931556 0.146668 0.047285
0.928854 0.138336 0.052038
0.935554 0.139552 0.017185
0.939984 0.137508 0.000000
0.929788 0.163359 0.000000
0.932421 0.155880 0.000000
0.931726 0.148523 0.002520
0.930881 0.155723 0.006325
0.922801 0.171907 0.000000
0.961012 0.177840 0.059309
0.983241 0.079964 0.052416
0.958014 0.041351 0.095001
0.954528 0.145366 0.089201
0.953608 0.149882 0.057689
0.963801 0.077437 0.109655
0.961496 0.078582 0.118813
0.953182 0.126851 0.173059
0.949647 0.163371 0.044190
0.931762 0.065448 0.277434
0.944217 0.156039 0.038698
0.939329 0.169912 0.038184
0.936876 0.167329 0.046645
0.942086 0.172756 0.020654
0.941404 0.171929 0.034424
0.940684 0.249978 0.000000
0.932394 0.156485 0.136326
0.933163 0.144106 0.126154
0.929116 0.205395 0.148498
0.945321 0.176836 0.251265
0.913529 0.366391 0.000000
0.939662 0.243387 0.135863
0.937721 0.090260 0.003261
0.929942 0.351072 0.000000
0.928671 0.085621 0.321116
0.937953 0.225971 0.162241
0.924016 0.041390 0.306039
0.946590 0.156156 0.057087
0.941550 0.139790 0.072681
0.940632 0.151278 0.101588
0.939571 0.169785 0.066977
0.939906 0.151845 0.101225
0.914828 0.191145 0.298384
0.943234 0.211927 0.047052
0.944134 0.213113 0.026741
0.942271 0.245308 0.050513
0.942656 0.216107 0.037637
0.942494 0.238459 0.083924
0.939742 0.256999 0.085936
0.950670 0.147383 0.065912
0.962964 0.141897 0.012780
0.959497 0.116227 0.082459
0.965135 0.122527 0.025150
0.959013 0.119423 0.077394
0.943473 0.245851 0.000000
0.944496 0.207440 0.000000
0.939459 0.212188 0.101797
0.943553 0.235482 0.000000
0.940042 0.211934 0.108760
0.941116 0.250457 0.000000
0.945364 0.162033 0.000000
0.954651 0.142396 0.035447
0.942809 0.154298 0.145155
0.944514 0.147222 0.071383
0.951203 0.144959 0.000000
0.947401 0.135429 0.147380
0.950714 0.129700 0.126846
0.951329 0.128670 0.095762
0.948034 0.125940 0.152880
0.945628 0.138608 0.095772
0.951256 0.116649 0.098225
0.934113 0.305907 0.057222
0.933473 0.128052 0.119232
0.975383 0.106272 0.058055
0.946332 0.116698 0.180949
0.973030 0.107953 0.023381
0.926891 0.351284 0.025866
0.945985 0.190383 0.000000
0.947869 0.162643 0.000000
0.945603 0.145820 0.032105
0.948254 0.153106 0.005019
0.948070 0.145666 0.010119
0.945337 0.145923 0.033753
0.946743 0.138657 0.019088
0.944722 0.118887 0.082498
