0.318228 0.795414 0.000000
0.288278 0.800515 0.000000
0.286338 0.941099 0.000000
0.000000 0.261608 0.698009
0.842986 0.000000 0.083241
0.285435 0.900677 0.000000
0.304338 0.499702 0.206849
1.332160 0.000000 0.016068
0.363080 0.546164 0.072520
0.254664 0.498969 0.132794
0.242626 0.845245 0.000000
0.769079 0.329362 0.000000
0.000000 0.579924 0.312491
0.585052 0.261023 0.000000
0.577057 0.274431 0.000000
0.523319 0.276292 0.024297
0.494694 0.288475 0.000000
0.546598 0.359000 0.065367
0.271402 0.731647 0.000000
0.826869 0.000000 0.076601
0.315946 0.368316 0.060535
0.286350 0.893309 0.014678
0.000000 0.879529 0.170982
0.442081 0.255329 0.084509
0.251810 0.000000 0.714380
0.481950 0.261590 0.038263
0.000000 0.755145 0.083725
0.260974 0.823274 0.000000
0.000000 0.256643 0.594497
0.269056 0.710808 0.000000
0.268600 0.774168 0.000000
0.782816 0.254558 0.000000
0.268167 0.826595 0.000000
0.244733 0.274912 0.139651
0.821693 0.259839 0.000000
0.809933 0.260066 0.000000
