0.261507 0.422962 0.179293
0.612476 0.000000 0.225611
0.338610 0.529916 0.000000
0.358208 0.517182 0.000000
0.225224 0.671976 0.000000
0.835159 0.221392 0.008025
0.670066 0.196160 0.083353
0.459825 0.545071 0.000000
0.291950 0.826377 0.000000
0.545648 0.217290 0.080455
0.263563 0.736675 0.000000
0.281678 0.736034 0.000000
0.659718 0.000000 0.159931
0.662906 0.000000 0.159859
0.484406 0.220741 0.109028
0.242468 0.753864 0.019550
0.211378 1.000000 0.000000
0.237386 0.000000 0.640932
0.625700 0.000000 0.338925
0.286952 0.541172 0.000000
0.213470 0.665489 0.000000
0.223248 0.498347 0.028027
0.494440 0.342365 0.138947
0.217333 0.000000 0.688655
0.000000 0.211944 0.758384
0.594347 0.452543 0.000000
0.244246 0.000000 0.874863
0.000000 0.816396 0.078828
0.940030 0.195730 0.000000
0.259233 0.000000 0.685493
0.000000 0.234658 0.789997
0.873685 0.005732 0.048018
0.609975 0.247179 0.049047
