0.666136 0.000000 0.743903
0.648401 0.004287 0.757628
0.647157 0.007581 0.758969
0.647112 0.012275 0.757939
0.663710 0.036277 0.698883
0.661014 0.000000 0.699034
0.666337 0.000000 0.694070
0.664718 0.000000 0.695752
0.669750 0.064481 0.691152
0.669061 0.002174 0.692577
0.670154 0.000000 0.692598
0.668755 0.014344 0.692186
0.670399 0.000000 0.690593
0.664519 0.000000 0.697299
0.663791 0.000000 0.697563
0.665446 0.009155 0.695490
0.666891 0.062034 0.692490
0.656491 0.002767 0.747030
0.657774 0.000000 0.746731
0.657089 0.057747 0.746879
0.657610 0.033022 0.746602
0.654986 0.006230 0.749421
0.653328 0.000000 0.750443
0.654522 0.009040 0.748864
0.652770 0.000000 0.751973
0.654149 0.000000 0.749991
0.653555 0.000000 0.750287
0.651062 0.000000 0.753734
0.651133 0.008991 0.752841
0.651209 0.004194 0.752879
0.651427 0.000000 0.752338
0.650220 0.012987 0.753173
0.650149 0.023847 0.752867
0.650285 0.017856 0.752223
0.665618 0.000000 0.739994
0.664647 0.000000 0.740407
0.667163 0.000000 0.738971
0.649932 0.022092 0.753108
0.649501 0.011973 0.753347
0.663334 0.000000 0.741746
0.645781 0.009478 0.757430
0.647368 0.000000 0.755919
0.645641 0.055326 0.755782
0.646358 0.000000 0.756508
0.646589 0.000000 0.756008
0.647197 0.008097 0.755219
0.658639 0.000000 0.745281
0.658791 0.032582 0.745257
0.657865 0.029121 0.745544
0.660067 0.000000 0.745109
0.658894 0.089351 0.745000
0.653345 0.002121 0.750092
0.650788 0.042302 0.751499
0.659647 0.017293 0.744919
0.664339 0.003596 0.739553
0.660349 0.018064 0.744403
0.661465 0.028178 0.742759
0.661766 0.000000 0.742015
0.661632 0.054166 0.741169
0.647436 0.000000 0.754217
0.647898 0.043927 0.753989
0.642229 0.000000 0.756436
0.638553 0.000000 0.758986
0.661977 0.000000 0.747512
0.672099 0.040404 0.734314
0.653474 0.000000 0.745550
0.650583 0.000000 0.747812
0.649819 0.000000 0.748418
0.649196 0.047904 0.748591
0.652267 0.010686 0.746834
0.652404 0.000000 0.746717
0.652190 0.000000 0.746888
0.651524 0.000000 0.746959
0.649324 0.029760 0.747752
0.649212 0.000002 0.747847
0.656631 0.007775 0.744227
0.656624 0.008864 0.744884
0.656122 0.022646 0.746194
0.655829 0.000000 0.747287
0.657076 0.000000 0.744393
0.655971 0.000000 0.746210
0.657737 0.011838 0.744021
0.657917 0.000000 0.743453
0.662888 0.000000 0.744651
0.662910 0.006062 0.744600
0.668458 0.038688 0.739941
0.665730 0.036608 0.741757
0.666287 0.000000 0.742205
0.665692 0.000000 0.742344
0.666972 0.000000 0.741970
0.667004 0.000000 0.741962
0.667782 0.031035 0.739990
0.667728 0.000000 0.740051
0.667247 0.040858 0.739815
0.664883 0.001569 0.743158
0.661378 0.000000 0.745092
0.663873 0.000000 0.743884
0.665131 0.034262 0.741834
0.662580 0.034175 0.743610
0.664962 0.000000 0.742696
0.665079 0.013819 0.742546
0.643654 0.015727 0.758340
0.643767 0.035370 0.758290
0.644058 0.000000 0.757676
0.645153 0.000000 0.755793
0.645102 0.010043 0.755314
0.642342 0.046174 0.757761
0.642411 0.000000 0.759353
0.642987 0.000000 0.758461
0.641147 0.009949 0.760385
0.636520 0.000000 0.764221
0.641319 0.000000 0.761083
0.638911 0.010317 0.761139
0.645338 0.020871 0.754693
0.642707 0.036635 0.755753
0.636876 0.019476 0.762174
0.636827 0.021815 0.763936
0.652216 0.000000 0.751523
0.652218 0.000000 0.750612
0.653268 0.022330 0.748880
0.655007 0.040658 0.748822
0.654049 0.017114 0.748961
0.653505 0.012117 0.749997
0.654529 0.000873 0.751626
0.656821 0.037831 0.749696
0.656055 0.020075 0.750746
0.666945 0.000000 0.731930
0.661076 0.007746 0.736076
0.661742 0.002556 0.737143
0.658828 0.000000 0.737438
0.667346 0.011389 0.731840
0.667500 0.000000 0.731204
0.668217 0.000000 0.730991
0.668555 0.000000 0.730416
0.668420 0.022903 0.730206
0.668653 0.000000 0.730169
0.667879 0.004716 0.730807
0.667952 0.036265 0.730355
0.667440 0.032344 0.730427
0.653474 0.000000 0.743815
0.653432 0.026936 0.743356
0.653887 0.000000 0.743145
0.653702 0.009440 0.742757
0.652090 0.000000 0.745888
0.650289 0.000000 0.747092
0.652408 0.000000 0.745265
0.652884 0.000000 0.744769
0.653057 0.000000 0.744424
0.652143 0.001210 0.743746
0.648905 0.033841 0.747620
0.648654 0.000000 0.748350
0.649459 0.024001 0.747320
0.649506 0.000000 0.747543
0.648940 0.000000 0.747700
0.656148 0.000000 0.741081
0.656443 0.000000 0.739922
0.657120 0.000000 0.739838
0.657445 0.005682 0.739606
0.658075 0.057917 0.738100
0.661870 0.000000 0.734612
0.654299 0.000000 0.742725
0.667449 0.061982 0.730297
0.653508 0.037859 0.742666
0.652246 0.047133 0.742493
0.651027 0.041493 0.745067
0.649531 0.018946 0.746760
0.657652 0.000000 0.739569
0.654328 0.000000 0.742280
0.654278 0.020799 0.741299
0.663285 0.000000 0.742099
0.665580 0.000000 0.741567
0.662302 0.062801 0.741574
0.661509 0.013126 0.742469
0.664386 0.038989 0.738563
0.666063 0.000000 0.738165
0.666372 0.033750 0.737491
0.665956 0.055617 0.737718
0.663756 0.029895 0.742023
0.647953 0.000000 0.755467
0.652759 0.000000 0.753511
0.653387 0.000000 0.753197
0.661077 0.024538 0.744549
0.656233 0.000000 0.748553
0.657820 0.006069 0.745563
0.658136 0.000000 0.744905
0.656541 0.025320 0.746701
0.657679 0.020554 0.744959
0.653920 0.000000 0.748694
0.654035 0.051350 0.747179
0.653949 0.001816 0.747232
0.658157 0.000000 0.750426
0.653232 0.041671 0.751177
0.657162 0.079871 0.745448
0.657068 0.031224 0.747378
0.657365 0.026792 0.744882
0.652331 0.086786 0.750767
0.665642 0.057337 0.739696
0.658835 0.106929 0.741488
0.654369 0.061016 0.748398
0.660758 0.014973 0.744447
0.661116 0.002870 0.744513
0.656588 0.004780 0.747444
0.661170 0.002212 0.742744
0.655102 0.058714 0.747113
0.654987 0.072391 0.746602
0.661790 0.000000 0.743332
0.661418 0.000000 0.745029
0.657115 0.000000 0.747041
0.661462 0.000000 0.744206
0.663156 0.008703 0.740270
0.663004 0.000000 0.741773
0.661870 0.000000 0.742853
0.664001 0.000000 0.740615
0.655608 0.000000 0.748122
0.658119 0.000000 0.745140
0.657373 0.000000 0.746517
0.652716 0.009096 0.751375
0.652940 0.000000 0.751259
0.653281 0.000000 0.750529
0.654295 0.010534 0.749995
0.667353 0.013794 0.739834
0.667425 0.000000 0.740415
0.654488 0.000000 0.748386
0.657535 0.000000 0.748091
0.659534 0.000000 0.747347
0.659363 0.005667 0.747522
0.656608 0.000000 0.748864
0.654100 0.000000 0.750420
0.664404 0.000000 0.743155
0.632601 0.000000 0.748582
0.691674 0.050743 0.785988
0.691226 0.000000 0.786062
0.686267 0.000000 0.791235
0.689171 0.000000 0.790029
0.689175 0.000000 0.790024
0.689629 0.000000 0.788431
0.689449 0.000000 0.788598
0.689787 0.001711 0.788312
0.689601 0.004219 0.788263
0.689254 0.005713 0.788466
0.689617 0.003962 0.788144
0.689957 0.000000 0.787995
0.690008 0.000000 0.786797
0.688793 0.009310 0.788486
0.663656 0.026912 0.743443
0.660984 0.054670 0.743296
0.664649 0.035140 0.741833
0.662851 0.052841 0.743409
0.662984 0.023410 0.743645
0.663526 0.021042 0.743213
0.664984 0.016305 0.743315
0.663908 0.038482 0.742948
0.663626 0.004251 0.743830
0.665614 0.015700 0.742384
0.665815 0.009440 0.742167
0.664650 0.000000 0.743531
0.664259 0.000000 0.744535
0.665751 0.000000 0.742270
0.665028 0.000000 0.742497
0.665898 0.000000 0.740537
0.668522 0.045362 0.738357
0.668253 0.000000 0.740279
0.671420 0.000000 0.737795
0.669793 0.000000 0.738658
0.669173 0.000000 0.738842
0.671100 0.000000 0.738245
0.651284 0.000000 0.748900
0.654163 0.065886 0.746073
0.655322 0.000000 0.745103
0.656416 0.000000 0.743490
0.654269 0.000000 0.745875
0.656326 0.000000 0.744714
0.656379 0.015796 0.744186
0.656144 0.000000 0.744725
0.654305 0.049295 0.745533
0.659803 0.018353 0.742696
0.654057 0.032932 0.747472
0.664591 0.000000 0.719770
0.665372 0.000000 0.718277
0.665612 0.000000 0.718208
0.665283 0.000000 0.719227
0.666495 0.029779 0.717837
0.664238 0.035313 0.718560
0.661536 0.000000 0.723548
0.661902 0.000000 0.722494
0.662084 0.000000 0.722333
0.659682 0.000000 0.723692
0.659946 0.014184 0.723388
0.659546 0.000000 0.724248
0.658973 0.005153 0.724449
0.657793 0.000000 0.724642
0.652568 0.000000 0.752456
0.658577 0.020686 0.740746
0.649379 0.000000 0.751590
0.649206 0.025869 0.751726
0.648479 0.000000 0.752403
0.648221 0.033248 0.752017
