0.328444 0.338983 0.343407
0.944487 0.098780 0.000000
0.195523 0.000000 0.709914
0.563236 0.000000 0.442048
0.702804 0.000000 0.272810
0.000000 0.153997 0.705173
0.532390 0.304208 0.000000
0.506963 0.314487 0.000000
0.000000 0.058756 1.027908
0.000000 0.056604 1.028053
0.747902 0.199284 0.000000
0.393429 0.000000 0.563941
0.964733 0.119411 0.000000
0.965504 0.116450 0.000000
0.054200 0.824854 0.051168
0.215977 0.914941 0.000000
0.148932 0.086983 1.020816
0.417174 0.095039 0.563944
0.213266 0.000000 1.024367
1.087843 0.000000 0.000000
0.774099 0.113243 0.000000
0.253391 0.096308 0.320688
0.931718 0.000000 0.117509
0.421715 0.000000 0.675907
0.196864 0.069774 0.630501
0.269752 0.066652 0.448007
0.229135 0.000000 0.816745
0.553080 0.390895 0.000000
0.042227 0.319956 0.359898
0.948164 0.045048 0.000000
0.246699 0.723064 0.001395
0.246648 0.000000 0.876016
0.144971 0.026930 0.817617
0.226866 0.732263 0.000000
0.309134 0.000000 0.783139
