0.004392 0.851081 0.517877
0.000000 0.853265 0.512754
0.000000 0.853212 0.512818
0.000000 0.851655 0.515979
0.000000 0.851310 0.516374
0.000000 0.851215 0.516545
0.011298 0.852558 0.513029
0.000000 0.852507 0.513271
0.000000 0.856902 0.507498
0.012770 0.856325 0.507152
0.018829 0.850998 0.518245
0.004793 0.854084 0.512402
0.000000 0.856272 0.509162
0.006824 0.851154 0.513968
0.051920 0.851123 0.514895
0.000000 0.851879 0.514906
0.000000 0.856013 0.509364
0.000000 0.855248 0.509701
0.013945 0.855378 0.509105
0.000000 0.856757 0.507796
0.000000 0.854905 0.511965
0.009754 0.855099 0.511288
0.000000 0.855202 0.510955
0.013670 0.854051 0.510912
0.000000 0.845224 0.516365
0.013148 0.845697 0.516252
0.000000 0.846339 0.514796
0.000000 0.846828 0.514545
0.000000 0.843077 0.520428
0.004783 0.844917 0.518222
0.000000 0.845828 0.515793
0.014271 0.844120 0.518228
0.000557 0.844786 0.518607
0.006365 0.846078 0.514668
0.000000 0.843595 0.520000
0.037030 0.841730 0.536428
0.010569 0.840946 0.537138
0.000000 0.844228 0.523927
0.014093 0.844246 0.523917
0.000000 0.846451 0.521402
0.016430 0.846396 0.521545
0.000000 0.847195 0.521125
0.000000 0.845421 0.521590
0.000000 0.845304 0.522479
0.013755 0.845248 0.522528
0.021168 0.845504 0.521263
0.014114 0.846520 0.520459
0.014708 0.845179 0.522479
0.000000 0.847923 0.520275
0.000000 0.848772 0.517139
0.018909 0.848626 0.516980
0.007058 0.851471 0.514305
0.017779 0.850421 0.514287
0.015767 0.850036 0.514679
0.000000 0.849580 0.516799
0.007908 0.847106 0.518569
0.001104 0.849582 0.515908
0.000000 0.851245 0.514802
0.000000 0.850710 0.514912
0.000000 0.850774 0.514835
0.000000 0.843600 0.534129
0.000000 0.838209 0.542049
0.006657 0.843041 0.533725
0.016561 0.834579 0.547262
0.022902 0.834256 0.547627
0.020222 0.834617 0.546088
0.004145 0.835044 0.546300
0.000000 0.834919 0.546514
0.000000 0.834432 0.547432
0.005250 0.835196 0.545471
0.001935 0.833700 0.547831
0.000000 0.834093 0.548713
0.000000 0.799353 0.512985
0.000000 0.845261 0.527492
0.004527 0.847196 0.526729
0.017223 0.846572 0.526509
0.000000 0.849328 0.522091
0.023220 0.849614 0.521792
0.009080 0.849360 0.521872
0.026015 0.846686 0.526079
0.000000 0.847644 0.522769
0.004718 0.846866 0.525808
0.000000 0.847312 0.523720
0.014079 0.847294 0.523298
0.005586 0.845848 0.527336
0.014625 0.845276 0.527270
0.023893 0.840580 0.536486
0.000000 0.843849 0.529891
0.006282 0.848323 0.526550
0.028028 0.848112 0.525497
0.014664 0.848327 0.526146
0.000000 0.842108 0.536048
0.000000 0.828146 0.524478
0.000000 0.842240 0.532659
0.003022 0.849226 0.520147
0.000000 0.848356 0.520818
0.000000 0.847272 0.522233
0.000373 0.846903 0.522036
0.008283 0.847537 0.520790
0.049610 0.840657 0.532805
0.000000 0.840308 0.533135
0.034645 0.840199 0.533015
0.014267 0.848095 0.520318
0.008809 0.848004 0.520359
0.004731 0.847456 0.521152
0.000000 0.847545 0.521278
0.000000 0.847741 0.521222
0.000000 0.843158 0.528896
0.000000 0.842793 0.529986
0.054472 0.840794 0.532298
0.057173 0.842668 0.529094
0.010576 0.842422 0.529384
0.000000 0.840940 0.530659
0.011927 0.842019 0.530360
0.037931 0.841456 0.530233
0.008552 0.845922 0.524003
0.000000 0.843309 0.526410
0.001525 0.843126 0.526385
0.000000 0.843437 0.525522
0.048186 0.842890 0.525806
0.000000 0.848184 0.519768
0.018117 0.843067 0.525253
0.000000 0.845676 0.529338
0.011816 0.845619 0.528566
0.023077 0.849578 0.511484
0.000000 0.849338 0.512618
0.016454 0.848920 0.512779
0.000000 0.848781 0.513102
0.000000 0.844706 0.527548
0.000000 0.844913 0.526912
0.000000 0.844719 0.527214
0.000000 0.827045 0.489919
0.000000 0.827643 0.487337
0.000000 0.850846 0.525002
0.000000 0.849711 0.525218
0.000000 0.850929 0.524247
0.032704 0.848634 0.526383
0.002250 0.848707 0.525703
0.000000 0.847815 0.528065
0.044751 0.847658 0.527605
0.000000 0.848538 0.526610
0.039568 0.848492 0.524567
0.000000 0.846927 0.528531
0.000000 0.852697 0.520136
0.000000 0.852581 0.520918
0.026206 0.856562 0.513073
0.026237 0.856932 0.511826
0.000000 0.855650 0.513264
0.000000 0.853123 0.518939
0.000000 0.851395 0.520692
0.038329 0.854701 0.514997
0.000000 0.854585 0.515684
0.020572 0.843780 0.531515
0.000000 0.843767 0.532279
0.000000 0.854372 0.517046
0.000000 0.854057 0.517453
0.000000 0.845088 0.529039
0.000000 0.837979 0.538350
0.003838 0.838827 0.536770
0.029174 0.838316 0.536370
0.010888 0.837818 0.537114
0.000000 0.836249 0.538961
0.024540 0.836230 0.538996
0.000000 0.841251 0.532638
0.000000 0.839307 0.535711
0.008139 0.838682 0.536152
0.000000 0.836204 0.541882
0.002172 0.835953 0.542074
0.020118 0.839253 0.535887
0.047226 0.838007 0.534740
0.000000 0.848591 0.524805
0.000000 0.849510 0.524008
0.000000 0.848595 0.524149
0.026501 0.848335 0.524683
0.000000 0.846617 0.528455
0.007315 0.849768 0.523588
0.043710 0.848987 0.523802
0.000000 0.844433 0.514772
0.000000 0.844639 0.512816
0.000000 0.843076 0.515745
0.031980 0.843134 0.515174
0.004282 0.850708 0.507116
0.039424 0.850516 0.504615
0.002904 0.851613 0.503231
0.000000 0.850858 0.503343
0.000000 0.852853 0.501186
0.017145 0.852370 0.501951
0.019869 0.850825 0.503545
0.028819 0.840984 0.536107
0.000000 0.839930 0.539685
0.000000 0.838486 0.540000
0.000000 0.840237 0.537195
0.000000 0.840330 0.536453
0.000682 0.839373 0.538037
0.000000 0.847168 0.532562
0.000000 0.842444 0.534978
0.007379 0.845145 0.534750
0.014060 0.842131 0.538406
0.000000 0.841594 0.539780
0.023834 0.841895 0.538529
0.000569 0.846730 0.532066
0.000968 0.846362 0.533213
0.000000 0.846734 0.532667
0.002030 0.846361 0.532267
0.015368 0.846836 0.531762
0.000000 0.845561 0.534000
0.000000 0.845946 0.533415
0.013943 0.843916 0.534332
0.002152 0.845400 0.531824
0.009546 0.847080 0.529992
0.000000 0.847234 0.529675
0.000000 0.850075 0.528432
0.000000 0.847887 0.529283
0.039097 0.847916 0.529154
0.000000 0.850122 0.525457
0.000000 0.850579 0.525447
0.039793 0.850037 0.525137
0.000000 0.850802 0.525032
0.008019 0.851382 0.523863
0.018777 0.850597 0.523460
0.000000 0.851346 0.524269
0.000000 0.851492 0.523672
0.006366 0.841984 0.539494
0.043356 0.841712 0.539362
0.028683 0.846436 0.531782
0.010548 0.845091 0.533152
0.053875 0.844316 0.532669
0.025014 0.848421 0.528211
0.010230 0.849059 0.526834
0.038053 0.848972 0.526511
0.000000 0.839908 0.543758
0.004266 0.849640 0.525327
0.000000 0.842276 0.522471
0.001302 0.838566 0.531974
0.000000 0.837973 0.533291
0.000000 0.838919 0.530914
0.000000 0.839036 0.530778
0.000000 0.839904 0.529397
0.000000 0.839041 0.529738
0.000000 0.841689 0.526014
0.000000 0.841788 0.525542
0.000000 0.838056 0.532278
0.000000 0.841642 0.526077
0.009566 0.841654 0.525253
0.000000 0.752411 0.570229
0.021942 0.848070 0.524334
0.000000 0.847540 0.524396
0.028587 0.843287 0.531899
0.025263 0.843718 0.530924
0.000000 0.846630 0.527818
0.002412 0.846589 0.526407
0.013005 0.848510 0.523972
0.000000 0.844210 0.532063
0.000000 0.844629 0.531417
0.007207 0.843997 0.531082
0.000000 0.844712 0.530689
0.000399 0.844668 0.530576
0.007495 0.843913 0.530921
0.000000 0.847378 0.525890
0.030444 0.847932 0.524491
0.000000 0.823792 0.521117
0.000000 0.882642 0.536934
0.000000 0.882625 0.537809
0.000000 0.881454 0.538718
0.000000 0.878436 0.544238
0.000000 0.878600 0.544054
0.011478 0.870120 0.556939
0.016678 0.869773 0.556781
0.000000 0.876160 0.547328
0.020843 0.876293 0.547159
0.033877 0.875906 0.547239
0.011687 0.876366 0.546940
