
Indice de concordancia
null	1.000000,1.000000	0.500000,0.560000	0.970000,1.000000	0.440000,0.500000	0.500000,0.560000	0.500000,0.560000	0.500000,0.560000	0.970000,1.000000	0.970000,1.000000	0.500000,0.560000	0.970000,1.000000	0.440000,0.500000	0.440000,0.500000	0.970000,1.000000	0.000000,0.030000	0.970000,1.000000	1.000000,1.000000	0.440000,0.500000	0.500000,0.560000	0.440000,0.500000	0.500000,0.560000	0.970000,1.000000	0.500000,0.560000	1.000000,1.000000	0.970000,1.000000	0.440000,0.500000	0.970000,1.000000	0.500000,0.560000	0.500000,0.560000	
1.000000,1.000000	null	1.000000,1.000000	0.970000,1.000000	0.440000,0.500000	1.000000,1.000000	0.500000,0.560000	0.500000,0.560000	0.970000,1.000000	0.970000,1.000000	0.500000,0.560000	0.970000,1.000000	0.440000,0.500000	0.440000,0.500000	0.970000,1.000000	0.000000,0.030000	0.970000,1.000000	1.000000,1.000000	0.440000,0.500000	0.500000,0.560000	0.440000,0.500000	0.500000,0.560000	0.970000,1.000000	0.500000,0.560000	1.000000,1.000000	0.970000,1.000000	0.440000,0.500000	0.970000,1.000000	0.500000,0.560000	0.500000,0.560000	
0.970000,1.000000	0.970000,1.000000	null	0.970000,1.000000	0.440000,0.500000	0.970000,1.000000	0.500000,0.560000	0.500000,0.560000	0.970000,1.000000	0.970000,1.000000	0.500000,0.560000	0.970000,1.000000	0.440000,0.500000	0.440000,0.500000	0.970000,1.000000	0.440000,0.500000	0.970000,1.000000	0.970000,1.000000	0.440000,0.500000	0.500000,0.560000	0.440000,0.500000	0.500000,0.560000	0.970000,1.000000	0.500000,0.560000	1.000000,1.000000	0.970000,1.000000	0.440000,0.500000	0.970000,1.000000	0.500000,0.560000	0.500000,0.560000	
1.000000,1.000000	1.000000,1.000000	0.500000,0.560000	null	0.440000,0.500000	0.500000,0.560000	0.500000,0.560000	0.500000,0.560000	1.000000,1.000000	1.000000,1.000000	0.500000,0.560000	1.000000,1.000000	0.440000,0.500000	0.440000,0.500000	0.970000,1.000000	0.000000,0.030000	0.970000,1.000000	1.000000,1.000000	0.440000,0.500000	0.500000,0.560000	0.440000,0.500000	0.500000,0.560000	0.970000,1.000000	0.500000,0.560000	1.000000,1.000000	0.970000,1.000000	0.440000,0.500000	0.970000,1.000000	0.500000,0.560000	0.500000,0.560000	
0.970000,1.000000	0.970000,1.000000	0.970000,1.000000	0.970000,1.000000	null	0.970000,1.000000	0.500000,0.560000	0.500000,0.560000	0.970000,1.000000	0.970000,1.000000	0.500000,0.560000	0.970000,1.000000	1.000000,1.000000	0.440000,0.500000	0.970000,1.000000	0.500000,0.560000	0.970000,1.000000	0.970000,1.000000	1.000000,1.000000	0.500000,0.560000	1.000000,1.000000	0.500000,0.560000	0.970000,1.000000	0.500000,0.560000	0.970000,1.000000	0.970000,1.000000	0.440000,0.500000	0.970000,1.000000	0.500000,0.560000	0.500000,0.560000	
1.000000,1.000000	1.000000,1.000000	1.000000,1.000000	0.970000,1.000000	0.440000,0.500000	null	0.500000,0.560000	0.500000,0.560000	0.970000,1.000000	0.970000,1.000000	0.500000,0.560000	0.970000,1.000000	0.440000,0.500000	0.440000,0.500000	0.970000,1.000000	0.440000,0.500000	0.970000,1.000000	1.000000,1.000000	0.440000,0.500000	0.500000,0.560000	0.440000,0.500000	0.500000,0.560000	0.970000,1.000000	0.500000,0.560000	1.000000,1.000000	0.970000,1.000000	0.440000,0.500000	0.970000,1.000000	0.500000,0.560000	0.500000,0.560000	
0.970000,1.000000	0.970000,1.000000	0.970000,1.000000	0.970000,1.000000	0.440000,0.500000	0.970000,1.000000	null	0.500000,0.560000	0.970000,1.000000	0.970000,1.000000	0.500000,0.560000	0.970000,1.000000	0.440000,0.500000	0.440000,0.500000	0.970000,1.000000	0.440000,0.500000	0.970000,1.000000	0.970000,1.000000	0.440000,0.500000	1.000000,1.000000	0.440000,0.500000	1.000000,1.000000	0.970000,1.000000	1.000000,1.000000	0.970000,1.000000	0.970000,1.000000	0.440000,0.500000	0.970000,1.000000	0.500000,0.560000	1.000000,1.000000	
0.970000,1.000000	0.970000,1.000000	0.970000,1.000000	0.970000,1.000000	0.440000,0.500000	0.970000,1.000000	1.000000,1.000000	null	0.970000,1.000000	0.970000,1.000000	1.000000,1.000000	0.970000,1.000000	0.440000,0.500000	0.440000,0.500000	0.970000,1.000000	0.440000,0.500000	0.970000,1.000000	0.970000,1.000000	0.440000,0.500000	1.000000,1.000000	0.440000,0.500000	1.000000,1.000000	0.970000,1.000000	1.000000,1.000000	0.970000,1.000000	0.970000,1.000000	0.440000,0.500000	0.970000,1.000000	1.000000,1.000000	1.000000,1.000000	
1.000000,1.000000	1.000000,1.000000	0.500000,0.560000	0.970000,1.000000	0.440000,0.500000	0.500000,0.560000	0.500000,0.560000	0.500000,0.560000	null	1.000000,1.000000	0.500000,0.560000	0.970000,1.000000	0.440000,0.500000	0.440000,0.500000	0.970000,1.000000	0.500000,0.560000	0.970000,1.000000	1.000000,1.000000	0.440000,0.500000	0.500000,0.560000	0.440000,0.500000	0.500000,0.560000	0.970000,1.000000	0.500000,0.560000	1.000000,1.000000	0.970000,1.000000	0.440000,0.500000	0.970000,1.000000	0.500000,0.560000	0.500000,0.560000	
1.000000,1.000000	1.000000,1.000000	0.500000,0.560000	0.970000,1.000000	0.440000,0.500000	0.500000,0.560000	0.500000,0.560000	0.500000,0.560000	0.970000,1.000000	null	0.500000,0.560000	0.970000,1.000000	0.440000,0.500000	0.440000,0.500000	0.970000,1.000000	0.000000,0.030000	0.970000,1.000000	1.000000,1.000000	0.440000,0.500000	0.500000,0.560000	0.440000,0.500000	0.500000,0.560000	0.970000,1.000000	0.500000,0.560000	1.000000,1.000000	0.970000,1.000000	0.440000,0.500000	0.970000,1.000000	0.500000,0.560000	0.500000,0.560000	
0.970000,1.000000	0.970000,1.000000	0.970000,1.000000	0.970000,1.000000	0.440000,0.500000	0.970000,1.000000	1.000000,1.000000	0.500000,0.560000	0.970000,1.000000	0.970000,1.000000	null	0.970000,1.000000	0.440000,0.500000	0.440000,0.500000	0.970000,1.000000	0.440000,0.500000	0.970000,1.000000	0.970000,1.000000	0.440000,0.500000	1.000000,1.000000	0.440000,0.500000	1.000000,1.000000	0.970000,1.000000	1.000000,1.000000	0.970000,1.000000	0.970000,1.000000	0.440000,0.500000	0.970000,1.000000	0.500000,0.560000	1.000000,1.000000	
1.000000,1.000000	1.000000,1.000000	0.500000,0.560000	0.970000,1.000000	0.440000,0.500000	0.500000,0.560000	0.500000,0.560000	0.500000,0.560000	1.000000,1.000000	1.000000,1.000000	0.500000,0.560000	null	0.440000,0.500000	0.440000,0.500000	0.970000,1.000000	0.000000,0.030000	0.970000,1.000000	1.000000,1.000000	0.440000,0.500000	0.500000,0.560000	0.440000,0.500000	0.500000,0.560000	0.970000,1.000000	0.500000,0.560000	1.000000,1.000000	0.970000,1.000000	0.440000,0.500000	0.970000,1.000000	0.500000,0.560000	0.500000,0.560000	
0.970000,1.000000	0.970000,1.000000	0.500000,0.560000	0.970000,1.000000	1.000000,1.000000	0.500000,0.560000	0.500000,0.560000	0.500000,0.560000	0.970000,1.000000	0.970000,1.000000	0.500000,0.560000	0.970000,1.000000	null	0.440000,0.500000	0.970000,1.000000	0.500000,0.560000	0.970000,1.000000	0.970000,1.000000	1.000000,1.000000	0.500000,0.560000	1.000000,1.000000	0.500000,0.560000	0.970000,1.000000	0.500000,0.560000	0.970000,1.000000	0.970000,1.000000	0.440000,0.500000	0.970000,1.000000	0.500000,0.560000	0.500000,0.560000	
0.970000,1.000000	0.970000,1.000000	0.500000,0.560000	0.970000,1.000000	1.000000,1.000000	0.500000,0.560000	0.500000,0.560000	0.500000,0.560000	0.970000,1.000000	0.970000,1.000000	0.500000,0.560000	0.970000,1.000000	1.000000,1.000000	null	0.970000,1.000000	0.500000,0.560000	0.970000,1.000000	0.970000,1.000000	1.000000,1.000000	0.500000,0.560000	1.000000,1.000000	0.500000,0.560000	0.970000,1.000000	0.500000,0.560000	0.970000,1.000000	0.970000,1.000000	0.440000,0.500000	0.970000,1.000000	0.500000,0.560000	0.500000,0.560000	
1.000000,1.000000	1.000000,1.000000	0.500000,0.560000	1.000000,1.000000	0.440000,0.500000	0.500000,0.560000	0.500000,0.560000	0.500000,0.560000	1.000000,1.000000	1.000000,1.000000	0.500000,0.560000	1.000000,1.000000	0.440000,0.500000	0.440000,0.500000	null	0.000000,0.030000	1.000000,1.000000	1.000000,1.000000	0.440000,0.500000	0.500000,0.560000	0.440000,0.500000	0.500000,0.560000	0.970000,1.000000	0.500000,0.560000	1.000000,1.000000	0.970000,1.000000	0.440000,0.500000	1.000000,1.000000	0.500000,0.560000	0.500000,0.560000	
0.970000,1.000000	0.970000,1.000000	0.970000,1.000000	0.970000,1.000000	0.440000,0.500000	0.970000,1.000000	0.500000,0.560000	0.500000,0.560000	0.970000,1.000000	0.970000,1.000000	0.500000,0.560000	0.970000,1.000000	0.440000,0.500000	0.440000,0.500000	0.970000,1.000000	null	0.970000,1.000000	0.970000,1.000000	0.440000,0.500000	0.500000,0.560000	0.440000,0.500000	0.500000,0.560000	0.970000,1.000000	0.500000,0.560000	0.970000,1.000000	0.970000,1.000000	0.440000,0.500000	0.970000,1.000000	0.500000,0.560000	0.500000,0.560000	
1.000000,1.000000	1.000000,1.000000	0.500000,0.560000	1.000000,1.000000	0.440000,0.500000	0.500000,0.560000	0.500000,0.560000	0.500000,0.560000	1.000000,1.000000	1.000000,1.000000	0.500000,0.560000	1.000000,1.000000	0.440000,0.500000	0.440000,0.500000	0.970000,1.000000	0.000000,0.030000	null	1.000000,1.000000	0.440000,0.500000	0.500000,0.560000	0.440000,0.500000	0.500000,0.560000	0.970000,1.000000	0.500000,0.560000	1.000000,1.000000	0.970000,1.000000	0.440000,0.500000	0.970000,1.000000	0.500000,0.560000	0.500000,0.560000	
1.000000,1.000000	1.000000,1.000000	0.500000,0.560000	0.970000,1.000000	0.440000,0.500000	0.500000,0.560000	0.500000,0.560000	0.500000,0.560000	0.970000,1.000000	0.970000,1.000000	0.500000,0.560000	0.970000,1.000000	0.440000,0.500000	0.440000,0.500000	0.970000,1.000000	0.000000,0.030000	0.970000,1.000000	null	0.440000,0.500000	0.500000,0.560000	0.440000,0.500000	0.500000,0.560000	0.970000,1.000000	0.500000,0.560000	1.000000,1.000000	0.970000,1.000000	0.440000,0.500000	0.970000,1.000000	0.500000,0.560000	0.500000,0.560000	
0.970000,1.000000	0.970000,1.000000	0.970000,1.000000	0.970000,1.000000	1.000000,1.000000	0.970000,1.000000	0.500000,0.560000	0.500000,0.560000	0.970000,1.000000	0.970000,1.000000	0.500000,0.560000	0.970000,1.000000	1.000000,1.000000	0.440000,0.500000	0.970000,1.000000	0.500000,0.560000	0.970000,1.000000	0.970000,1.000000	null	0.500000,0.560000	1.000000,1.000000	0.500000,0.560000	0.970000,1.000000	0.500000,0.560000	0.970000,1.000000	0.970000,1.000000	0.440000,0.500000	0.970000,1.000000	0.500000,0.560000	0.500000,0.560000	
0.970000,1.000000	0.970000,1.000000	0.970000,1.000000	0.970000,1.000000	0.440000,0.500000	0.970000,1.000000	1.000000,1.000000	0.500000,0.560000	0.970000,1.000000	0.970000,1.000000	0.500000,0.560000	0.970000,1.000000	0.440000,0.500000	0.440000,0.500000	0.970000,1.000000	0.440000,0.500000	0.970000,1.000000	0.970000,1.000000	0.440000,0.500000	null	0.440000,0.500000	1.000000,1.000000	0.970000,1.000000	1.000000,1.000000	0.970000,1.000000	0.970000,1.000000	0.440000,0.500000	0.970000,1.000000	0.500000,0.560000	1.000000,1.000000	
0.970000,1.000000	0.970000,1.000000	0.500000,0.560000	0.970000,1.000000	1.000000,1.000000	0.500000,0.560000	0.500000,0.560000	0.500000,0.560000	0.970000,1.000000	0.970000,1.000000	0.500000,0.560000	0.970000,1.000000	1.000000,1.000000	0.440000,0.500000	0.970000,1.000000	0.500000,0.560000	0.970000,1.000000	0.970000,1.000000	1.000000,1.000000	0.500000,0.560000	null	0.500000,0.560000	0.970000,1.000000	0.500000,0.560000	0.970000,1.000000	0.970000,1.000000	0.440000,0.500000	0.970000,1.000000	0.500000,0.560000	0.500000,0.560000	
0.970000,1.000000	0.970000,1.000000	0.970000,1.000000	0.970000,1.000000	0.440000,0.500000	0.970000,1.000000	1.000000,1.000000	0.500000,0.560000	0.970000,1.000000	0.970000,1.000000	0.500000,0.560000	0.970000,1.000000	0.440000,0.500000	0.440000,0.500000	0.970000,1.000000	1.000000,1.000000	0.970000,1.000000	0.970000,1.000000	0.440000,0.500000	1.000000,1.000000	0.440000,0.500000	null	0.970000,1.000000	1.000000,1.000000	0.970000,1.000000	0.970000,1.000000	0.440000,0.500000	0.970000,1.000000	0.500000,0.560000	0.500000,0.560000	
1.000000,1.000000	1.000000,1.000000	0.500000,0.560000	1.000000,1.000000	0.440000,0.500000	0.500000,0.560000	0.500000,0.560000	0.500000,0.560000	1.000000,1.000000	1.000000,1.000000	0.500000,0.560000	1.000000,1.000000	0.440000,0.500000	0.440000,0.500000	1.000000,1.000000	0.000000,0.030000	1.000000,1.000000	1.000000,1.000000	0.440000,0.500000	0.500000,0.560000	0.440000,0.500000	0.500000,0.560000	null	0.500000,0.560000	1.000000,1.000000	1.000000,1.000000	0.440000,0.500000	1.000000,1.000000	0.500000,0.560000	0.500000,0.560000	
0.970000,1.000000	0.970000,1.000000	0.970000,1.000000	0.970000,1.000000	0.440000,0.500000	0.970000,1.000000	1.000000,1.000000	0.500000,0.560000	0.970000,1.000000	0.970000,1.000000	0.500000,0.560000	0.970000,1.000000	0.440000,0.500000	0.440000,0.500000	0.970000,1.000000	1.000000,1.000000	0.970000,1.000000	0.970000,1.000000	0.440000,0.500000	1.000000,1.000000	0.440000,0.500000	1.000000,1.000000	0.970000,1.000000	null	0.970000,1.000000	0.970000,1.000000	0.440000,0.500000	0.970000,1.000000	0.500000,0.560000	0.500000,0.560000	
0.970000,1.000000	0.970000,1.000000	0.500000,0.560000	0.970000,1.000000	0.440000,0.500000	0.500000,0.560000	0.500000,0.560000	0.500000,0.560000	0.970000,1.000000	0.970000,1.000000	0.500000,0.560000	0.970000,1.000000	0.440000,0.500000	0.440000,0.500000	0.970000,1.000000	0.000000,0.030000	0.970000,1.000000	0.970000,1.000000	0.440000,0.500000	0.500000,0.560000	0.440000,0.500000	0.500000,0.560000	0.970000,1.000000	0.500000,0.560000	null	0.970000,1.000000	0.440000,0.500000	0.970000,1.000000	0.500000,0.560000	0.500000,0.560000	
1.000000,1.000000	1.000000,1.000000	0.500000,0.560000	1.000000,1.000000	0.440000,0.500000	0.500000,0.560000	0.500000,0.560000	0.500000,0.560000	1.000000,1.000000	1.000000,1.000000	0.500000,0.560000	1.000000,1.000000	0.440000,0.500000	0.440000,0.500000	1.000000,1.000000	0.000000,0.030000	1.000000,1.000000	1.000000,1.000000	0.440000,0.500000	0.500000,0.560000	0.440000,0.500000	0.500000,0.560000	0.970000,1.000000	0.500000,0.560000	1.000000,1.000000	null	0.440000,0.500000	1.000000,1.000000	0.500000,0.560000	0.500000,0.560000	
0.970000,1.000000	0.970000,1.000000	0.500000,0.560000	0.970000,1.000000	1.000000,1.000000	0.500000,0.560000	0.500000,0.560000	0.500000,0.560000	0.970000,1.000000	0.970000,1.000000	0.500000,0.560000	0.970000,1.000000	1.000000,1.000000	1.000000,1.000000	0.970000,1.000000	0.500000,0.560000	0.970000,1.000000	0.970000,1.000000	1.000000,1.000000	0.500000,0.560000	1.000000,1.000000	0.500000,0.560000	0.970000,1.000000	0.500000,0.560000	0.970000,1.000000	0.970000,1.000000	null	0.970000,1.000000	0.500000,0.560000	0.500000,0.560000	
1.000000,1.000000	1.000000,1.000000	0.500000,0.560000	1.000000,1.000000	0.440000,0.500000	0.500000,0.560000	0.500000,0.560000	0.500000,0.560000	1.000000,1.000000	1.000000,1.000000	0.500000,0.560000	1.000000,1.000000	0.440000,0.500000	0.440000,0.500000	1.000000,1.000000	0.000000,0.030000	1.000000,1.000000	1.000000,1.000000	0.440000,0.500000	0.500000,0.560000	0.440000,0.500000	0.500000,0.560000	0.970000,1.000000	0.500000,0.560000	1.000000,1.000000	0.970000,1.000000	0.440000,0.500000	null	0.500000,0.560000	0.500000,0.560000	
0.970000,1.000000	0.970000,1.000000	0.970000,1.000000	0.970000,1.000000	0.440000,0.500000	0.970000,1.000000	1.000000,1.000000	0.500000,0.560000	0.970000,1.000000	0.970000,1.000000	1.000000,1.000000	0.970000,1.000000	0.440000,0.500000	0.440000,0.500000	0.970000,1.000000	0.440000,0.500000	0.970000,1.000000	0.970000,1.000000	0.440000,0.500000	1.000000,1.000000	0.440000,0.500000	1.000000,1.000000	0.970000,1.000000	1.000000,1.000000	0.970000,1.000000	0.970000,1.000000	0.440000,0.500000	0.970000,1.000000	null	1.000000,1.000000	
0.970000,1.000000	0.970000,1.000000	0.970000,1.000000	0.970000,1.000000	0.440000,0.500000	0.970000,1.000000	1.000000,1.000000	0.500000,0.560000	0.970000,1.000000	0.970000,1.000000	0.500000,0.560000	0.970000,1.000000	0.440000,0.500000	0.440000,0.500000	0.970000,1.000000	0.440000,0.500000	0.970000,1.000000	0.970000,1.000000	0.440000,0.500000	1.000000,1.000000	0.440000,0.500000	1.000000,1.000000	0.970000,1.000000	1.000000,1.000000	0.970000,1.000000	0.970000,1.000000	0.440000,0.500000	0.970000,1.000000	0.500000,0.560000	null	

Indice de  discordancia
null	1.000000	1.000000	0.000000	1.000000	1.000000	1.000000	0.000000	1.000000	1.000000	0.136089	0.299375	1.000000	0.865141	0.000000	1.000000	0.000000	1.000000	1.000000	1.000000	1.000000	1.000000	0.000000	1.000000	1.000000	0.000000	0.217529	0.000000	0.000000	1.000000	
1.000000	null	1.000000	0.000000	1.000000	1.000000	1.000000	0.000000	1.000000	1.000000	0.248456	0.312250	1.000000	0.865141	0.000000	1.000000	0.000000	1.000000	1.000000	1.000000	1.000000	1.000000	0.000000	1.000000	1.000000	0.000000	0.217529	0.000000	0.000000	1.000000	
1.000000	1.000000	null	0.000000	1.000000	1.000000	1.000000	0.000000	0.843950	1.000000	0.637744	0.000000	1.000000	0.865141	0.000000	1.000000	0.000000	1.000000	1.000000	1.000000	1.000000	1.000000	0.000000	1.000000	1.000000	0.000000	0.217529	0.000000	0.000000	1.000000	
1.000000	1.000000	1.000000	null	1.000000	1.000000	1.000000	0.000000	1.000000	1.000000	0.158222	1.000000	1.000000	0.865141	0.247349	1.000000	1.000000	1.000000	1.000000	1.000000	1.000000	1.000000	0.000000	1.000000	1.000000	0.000000	0.217529	0.761100	0.000000	1.000000	
1.000000	1.000000	1.000000	0.000000	null	1.000000	1.000000	0.000000	0.000000	0.000000	0.203533	0.000000	1.000000	1.000000	0.000000	1.000000	0.000000	1.000000	1.000000	1.000000	1.000000	1.000000	0.000000	1.000000	1.000000	0.000000	0.946000	0.000000	0.000000	1.000000	
1.000000	1.000000	1.000000	0.000000	1.000000	null	1.000000	0.000000	1.000000	1.000000	0.643333	0.220225	1.000000	0.865141	0.000000	1.000000	0.000000	1.000000	1.000000	1.000000	1.000000	1.000000	0.000000	1.000000	1.000000	0.000000	0.217529	0.000000	0.000000	1.000000	
1.000000	1.000000	1.000000	0.000000	1.000000	1.000000	null	0.000000	0.000000	0.000000	1.000000	0.000000	1.000000	0.865141	0.000000	1.000000	0.000000	1.000000	1.000000	1.000000	1.000000	1.000000	0.000000	1.000000	1.000000	0.000000	0.217529	0.000000	0.000000	1.000000	
1.000000	1.000000	1.000000	0.000000	1.000000	1.000000	1.000000	null	0.000000	0.000000	1.000000	0.000000	1.000000	0.865141	0.000000	1.000000	0.000000	1.000000	1.000000	1.000000	1.000000	1.000000	0.000000	1.000000	1.000000	0.000000	0.217529	0.000000	1.000000	1.000000	
1.000000	1.000000	1.000000	1.000000	1.000000	1.000000	1.000000	0.000000	null	1.000000	0.136089	1.000000	1.000000	0.881082	0.000000	1.000000	0.000000	1.000000	1.000000	1.000000	1.000000	1.000000	0.000000	1.000000	1.000000	0.000000	0.233471	0.000000	0.000000	1.000000	
1.000000	1.000000	1.000000	0.611925	1.000000	1.000000	1.000000	0.000000	1.000000	null	0.136089	1.000000	1.000000	0.865141	0.000000	1.000000	0.000000	1.000000	1.000000	1.000000	1.000000	1.000000	0.000000	1.000000	1.000000	0.000000	0.217529	0.000000	0.000000	1.000000	
1.000000	1.000000	1.000000	0.000000	1.000000	1.000000	1.000000	0.533345	0.000000	0.000000	null	0.000000	1.000000	0.865141	0.000000	1.000000	0.000000	1.000000	1.000000	1.000000	1.000000	1.000000	0.000000	1.000000	1.000000	0.000000	0.217529	0.000000	0.998278	1.000000	
1.000000	1.000000	1.000000	1.000000	1.000000	1.000000	1.000000	0.000000	1.000000	1.000000	0.136089	null	1.000000	0.865141	0.000000	1.000000	1.000000	1.000000	1.000000	1.000000	1.000000	1.000000	0.000000	1.000000	1.000000	0.000000	0.217529	0.000000	0.000000	1.000000	
1.000000	1.000000	1.000000	0.000000	1.000000	1.000000	1.000000	0.000000	0.000000	0.332600	0.136089	0.000000	null	1.000000	0.000000	1.000000	0.000000	1.000000	1.000000	1.000000	1.000000	1.000000	0.000000	1.000000	1.000000	0.000000	0.790941	0.000000	0.000000	1.000000	
1.000000	1.000000	1.000000	0.000000	1.000000	1.000000	1.000000	0.000000	0.000000	0.000000	0.136089	0.000000	1.000000	null	0.000000	1.000000	0.000000	1.000000	1.000000	1.000000	1.000000	1.000000	0.000000	1.000000	1.000000	0.000000	1.000000	0.000000	0.000000	1.000000	
1.000000	1.000000	1.000000	1.000000	1.000000	1.000000	1.000000	0.000000	1.000000	1.000000	0.148333	1.000000	1.000000	0.865141	null	1.000000	1.000000	1.000000	1.000000	1.000000	1.000000	1.000000	0.573151	1.000000	1.000000	1.000000	0.217529	1.000000	0.000000	1.000000	
1.000000	1.000000	1.000000	0.000000	1.000000	1.000000	1.000000	0.000000	0.000000	0.483875	0.821811	0.000000	1.000000	1.000000	0.000000	null	0.000000	1.000000	1.000000	1.000000	1.000000	1.000000	0.000000	1.000000	1.000000	0.000000	0.459259	0.000000	0.000000	1.000000	
1.000000	1.000000	1.000000	1.000000	1.000000	1.000000	1.000000	0.000000	1.000000	1.000000	0.136089	1.000000	1.000000	0.865141	1.000000	1.000000	null	1.000000	1.000000	1.000000	1.000000	1.000000	0.000000	1.000000	1.000000	0.000000	0.217529	1.000000	0.000000	1.000000	
1.000000	1.000000	1.000000	0.000000	1.000000	1.000000	1.000000	0.000000	1.000000	1.000000	0.180600	0.149800	1.000000	0.865141	0.000000	1.000000	0.000000	null	1.000000	1.000000	1.000000	1.000000	0.000000	1.000000	1.000000	0.000000	0.217529	0.000000	0.000000	1.000000	
1.000000	1.000000	1.000000	0.000000	1.000000	1.000000	1.000000	0.000000	0.000000	0.000000	0.288078	0.000000	1.000000	1.000000	0.000000	1.000000	0.000000	1.000000	null	1.000000	1.000000	1.000000	0.000000	1.000000	1.000000	0.000000	0.938482	0.000000	0.000000	1.000000	
1.000000	1.000000	1.000000	0.000000	1.000000	1.000000	1.000000	0.000000	0.000000	0.458125	1.000000	0.000000	1.000000	0.865141	0.000000	1.000000	0.000000	1.000000	1.000000	null	1.000000	1.000000	0.000000	1.000000	1.000000	0.000000	0.217529	0.000000	0.000000	1.000000	
1.000000	1.000000	1.000000	0.000000	1.000000	1.000000	1.000000	0.000000	0.000000	0.000000	0.157267	0.000000	1.000000	1.000000	0.000000	1.000000	0.000000	1.000000	1.000000	1.000000	null	1.000000	0.000000	1.000000	1.000000	0.000000	0.955029	0.000000	0.000000	1.000000	
1.000000	1.000000	1.000000	0.000000	1.000000	1.000000	1.000000	0.000000	0.000000	0.000000	1.000000	0.000000	1.000000	1.000000	0.000000	1.000000	0.000000	1.000000	1.000000	1.000000	1.000000	null	0.000000	1.000000	1.000000	0.000000	0.376294	0.000000	0.000000	1.000000	
1.000000	1.000000	1.000000	1.000000	1.000000	1.000000	1.000000	0.000000	1.000000	1.000000	0.136089	1.000000	1.000000	0.865141	1.000000	1.000000	1.000000	1.000000	1.000000	1.000000	1.000000	1.000000	null	1.000000	1.000000	1.000000	0.217529	1.000000	0.000000	1.000000	
1.000000	1.000000	1.000000	0.000000	1.000000	1.000000	1.000000	0.000000	0.000000	0.286575	1.000000	0.000000	1.000000	0.955618	0.000000	1.000000	0.000000	1.000000	1.000000	1.000000	1.000000	1.000000	0.000000	null	1.000000	0.000000	0.308006	0.000000	0.000000	1.000000	
1.000000	1.000000	1.000000	0.000000	1.000000	1.000000	1.000000	0.000000	1.000000	1.000000	0.162489	0.000000	1.000000	0.865141	0.000000	1.000000	0.000000	1.000000	1.000000	1.000000	1.000000	1.000000	0.000000	1.000000	null	0.000000	0.217529	0.000000	0.000000	1.000000	
1.000000	1.000000	1.000000	1.000000	1.000000	1.000000	1.000000	0.000000	1.000000	1.000000	0.136089	1.000000	1.000000	0.865141	1.000000	1.000000	1.000000	1.000000	1.000000	1.000000	1.000000	1.000000	1.000000	1.000000	1.000000	null	0.217529	1.000000	0.000000	1.000000	
1.000000	1.000000	1.000000	0.000000	1.000000	1.000000	1.000000	0.000000	0.000000	0.289325	0.136089	0.000000	1.000000	1.000000	0.000000	1.000000	0.000000	1.000000	1.000000	1.000000	1.000000	1.000000	0.000000	1.000000	1.000000	0.000000	null	0.000000	0.000000	1.000000	
1.000000	1.000000	1.000000	1.000000	1.000000	1.000000	1.000000	0.000000	1.000000	1.000000	0.136089	1.000000	1.000000	0.865141	1.000000	1.000000	1.000000	1.000000	1.000000	1.000000	1.000000	1.000000	0.059401	1.000000	1.000000	1.000000	0.217529	null	0.000000	1.000000	
1.000000	1.000000	1.000000	0.000000	1.000000	1.000000	1.000000	1.000000	0.000000	0.000000	1.000000	0.000000	1.000000	0.865141	0.000000	1.000000	0.000000	1.000000	1.000000	1.000000	1.000000	1.000000	0.000000	1.000000	1.000000	0.000000	0.217529	0.000000	null	1.000000	
1.000000	1.000000	1.000000	0.000000	1.000000	1.000000	1.000000	0.000000	0.000000	0.366425	1.000000	0.000000	1.000000	0.865141	0.000000	1.000000	0.000000	1.000000	1.000000	1.000000	1.000000	1.000000	0.000000	1.000000	1.000000	0.000000	0.217529	0.000000	0.088433	null	

Matrix sigma
null	1.000000	0.000000	0.000000	0.000000	0.000000	0.000000	0.000000	1.000000	1.000000	0.000000	0.299375	0.000000	0.000000	0.000000	0.000000	0.000000	1.000000	0.000000	0.000000	0.000000	0.000000	0.000000	0.000000	1.000000	0.000000	0.000000	0.000000	0.000000	0.000000	
1.000000	null	1.000000	0.000000	0.000000	1.000000	0.000000	0.000000	1.000000	1.000000	0.000000	0.312250	0.000000	0.000000	0.000000	0.000000	0.000000	1.000000	0.000000	0.000000	0.000000	0.000000	0.000000	0.000000	1.000000	0.000000	0.000000	0.000000	0.000000	0.000000	
1.000000	1.000000	null	0.000000	0.000000	1.000000	0.000000	0.000000	0.843950	1.000000	0.000000	0.000000	0.000000	0.000000	0.000000	0.000000	0.000000	1.000000	0.000000	0.000000	0.000000	0.000000	0.000000	0.000000	1.000000	0.000000	0.000000	0.000000	0.000000	0.000000	
1.000000	1.000000	0.000000	null	0.000000	0.000000	0.000000	0.000000	1.000000	1.000000	0.000000	1.000000	0.000000	0.000000	0.247349	0.000000	1.000000	1.000000	0.000000	0.000000	0.000000	0.000000	0.000000	0.000000	1.000000	0.000000	0.000000	0.761100	0.000000	0.000000	
1.000000	1.000000	1.000000	0.000000	null	1.000000	0.000000	0.000000	0.000000	0.000000	0.000000	0.000000	1.000000	0.000000	0.000000	0.000000	0.000000	1.000000	1.000000	0.000000	1.000000	0.000000	0.000000	0.000000	1.000000	0.000000	0.000000	0.000000	0.000000	0.000000	
1.000000	1.000000	1.000000	0.000000	0.000000	null	0.000000	0.000000	1.000000	1.000000	0.000000	0.220225	0.000000	0.000000	0.000000	0.000000	0.000000	1.000000	0.000000	0.000000	0.000000	0.000000	0.000000	0.000000	1.000000	0.000000	0.000000	0.000000	0.000000	0.000000	
1.000000	1.000000	1.000000	0.000000	0.000000	1.000000	null	0.000000	0.000000	0.000000	0.000000	0.000000	0.000000	0.000000	0.000000	0.000000	0.000000	1.000000	0.000000	1.000000	0.000000	1.000000	0.000000	1.000000	1.000000	0.000000	0.000000	0.000000	0.000000	1.000000	
1.000000	1.000000	1.000000	0.000000	0.000000	1.000000	1.000000	null	0.000000	0.000000	1.000000	0.000000	0.000000	0.000000	0.000000	0.000000	0.000000	1.000000	0.000000	1.000000	0.000000	1.000000	0.000000	1.000000	1.000000	0.000000	0.000000	0.000000	1.000000	1.000000	
1.000000	1.000000	0.000000	1.000000	0.000000	0.000000	0.000000	0.000000	null	1.000000	0.000000	1.000000	0.000000	0.000000	0.000000	0.000000	0.000000	1.000000	0.000000	0.000000	0.000000	0.000000	0.000000	0.000000	1.000000	0.000000	0.000000	0.000000	0.000000	0.000000	
1.000000	1.000000	0.000000	0.611925	0.000000	0.000000	0.000000	0.000000	1.000000	null	0.000000	1.000000	0.000000	0.000000	0.000000	0.000000	0.000000	1.000000	0.000000	0.000000	0.000000	0.000000	0.000000	0.000000	1.000000	0.000000	0.000000	0.000000	0.000000	0.000000	
1.000000	1.000000	1.000000	0.000000	0.000000	1.000000	1.000000	0.000000	0.000000	0.000000	null	0.000000	0.000000	0.000000	0.000000	0.000000	0.000000	1.000000	0.000000	1.000000	0.000000	1.000000	0.000000	1.000000	1.000000	0.000000	0.000000	0.000000	0.000000	1.000000	
1.000000	1.000000	0.000000	1.000000	0.000000	0.000000	0.000000	0.000000	1.000000	1.000000	0.000000	null	0.000000	0.000000	0.000000	0.000000	1.000000	1.000000	0.000000	0.000000	0.000000	0.000000	0.000000	0.000000	1.000000	0.000000	0.000000	0.000000	0.000000	0.000000	
1.000000	1.000000	0.000000	0.000000	1.000000	0.000000	0.000000	0.000000	0.000000	0.332600	0.000000	0.000000	null	0.000000	0.000000	0.000000	0.000000	1.000000	1.000000	0.000000	1.000000	0.000000	0.000000	0.000000	1.000000	0.000000	0.000000	0.000000	0.000000	0.000000	
1.000000	1.000000	0.000000	0.000000	1.000000	0.000000	0.000000	0.000000	0.000000	0.000000	0.000000	0.000000	1.000000	null	0.000000	0.000000	0.000000	1.000000	1.000000	0.000000	1.000000	0.000000	0.000000	0.000000	1.000000	0.000000	0.000000	0.000000	0.000000	0.000000	
1.000000	1.000000	0.000000	1.000000	0.000000	0.000000	0.000000	0.000000	1.000000	1.000000	0.000000	1.000000	0.000000	0.000000	null	0.000000	1.000000	1.000000	0.000000	0.000000	0.000000	0.000000	0.573151	0.000000	1.000000	1.000000	0.000000	1.000000	0.000000	0.000000	
1.000000	1.000000	1.000000	0.000000	0.000000	1.000000	0.000000	0.000000	0.000000	0.483875	0.000000	0.000000	0.000000	0.000000	0.000000	null	0.000000	1.000000	0.000000	0.000000	0.000000	0.000000	0.000000	0.000000	1.000000	0.000000	0.000000	0.000000	0.000000	0.000000	
1.000000	1.000000	0.000000	1.000000	0.000000	0.000000	0.000000	0.000000	1.000000	1.000000	0.000000	1.000000	0.000000	0.000000	1.000000	0.000000	null	1.000000	0.000000	0.000000	0.000000	0.000000	0.000000	0.000000	1.000000	0.000000	0.000000	1.000000	0.000000	0.000000	
1.000000	1.000000	0.000000	0.000000	0.000000	0.000000	0.000000	0.000000	1.000000	1.000000	0.000000	0.149800	0.000000	0.000000	0.000000	0.000000	0.000000	null	0.000000	0.000000	0.000000	0.000000	0.000000	0.000000	1.000000	0.000000	0.000000	0.000000	0.000000	0.000000	
1.000000	1.000000	1.000000	0.000000	1.000000	1.000000	0.000000	0.000000	0.000000	0.000000	0.000000	0.000000	1.000000	0.000000	0.000000	0.000000	0.000000	1.000000	null	0.000000	1.000000	0.000000	0.000000	0.000000	1.000000	0.000000	0.000000	0.000000	0.000000	0.000000	
1.000000	1.000000	1.000000	0.000000	0.000000	1.000000	1.000000	0.000000	0.000000	0.458125	0.000000	0.000000	0.000000	0.000000	0.000000	0.000000	0.000000	1.000000	0.000000	null	0.000000	1.000000	0.000000	1.000000	1.000000	0.000000	0.000000	0.000000	0.000000	1.000000	
1.000000	1.000000	0.000000	0.000000	1.000000	0.000000	0.000000	0.000000	0.000000	0.000000	0.000000	0.000000	1.000000	0.000000	0.000000	0.000000	0.000000	1.000000	1.000000	0.000000	null	0.000000	0.000000	0.000000	1.000000	0.000000	0.000000	0.000000	0.000000	0.000000	
1.000000	1.000000	1.000000	0.000000	0.000000	1.000000	1.000000	0.000000	0.000000	0.000000	0.000000	0.000000	0.000000	0.000000	0.000000	1.000000	0.000000	1.000000	0.000000	1.000000	0.000000	null	0.000000	1.000000	1.000000	0.000000	0.000000	0.000000	0.000000	0.000000	
1.000000	1.000000	0.000000	1.000000	0.000000	0.000000	0.000000	0.000000	1.000000	1.000000	0.000000	1.000000	0.000000	0.000000	1.000000	0.000000	1.000000	1.000000	0.000000	0.000000	0.000000	0.000000	null	0.000000	1.000000	1.000000	0.000000	1.000000	0.000000	0.000000	
1.000000	1.000000	1.000000	0.000000	0.000000	1.000000	1.000000	0.000000	0.000000	0.286575	0.000000	0.000000	0.000000	0.000000	0.000000	1.000000	0.000000	1.000000	0.000000	1.000000	0.000000	1.000000	0.000000	null	1.000000	0.000000	0.000000	0.000000	0.000000	0.000000	
1.000000	1.000000	0.000000	0.000000	0.000000	0.000000	0.000000	0.000000	1.000000	1.000000	0.000000	0.000000	0.000000	0.000000	0.000000	0.000000	0.000000	1.000000	0.000000	0.000000	0.000000	0.000000	0.000000	0.000000	null	0.000000	0.000000	0.000000	0.000000	0.000000	
1.000000	1.000000	0.000000	1.000000	0.000000	0.000000	0.000000	0.000000	1.000000	1.000000	0.000000	1.000000	0.000000	0.000000	1.000000	0.000000	1.000000	1.000000	0.000000	0.000000	0.000000	0.000000	1.000000	0.000000	1.000000	null	0.000000	1.000000	0.000000	0.000000	
1.000000	1.000000	0.000000	0.000000	1.000000	0.000000	0.000000	0.000000	0.000000	0.289325	0.000000	0.000000	1.000000	1.000000	0.000000	0.000000	0.000000	1.000000	1.000000	0.000000	1.000000	0.000000	0.000000	0.000000	1.000000	0.000000	null	0.000000	0.000000	0.000000	
1.000000	1.000000	0.000000	1.000000	0.000000	0.000000	0.000000	0.000000	1.000000	1.000000	0.000000	1.000000	0.000000	0.000000	1.000000	0.000000	1.000000	1.000000	0.000000	0.000000	0.000000	0.000000	0.059401	0.000000	1.000000	1.000000	0.000000	null	0.000000	0.000000	
1.000000	1.000000	1.000000	0.000000	0.000000	1.000000	1.000000	0.000000	0.000000	0.000000	1.000000	0.000000	0.000000	0.000000	0.000000	0.000000	0.000000	1.000000	0.000000	1.000000	0.000000	1.000000	0.000000	1.000000	1.000000	0.000000	0.000000	0.000000	null	1.000000	
1.000000	1.000000	1.000000	0.000000	0.000000	1.000000	1.000000	0.000000	0.000000	0.366425	0.000000	0.000000	0.000000	0.000000	0.000000	0.000000	0.000000	1.000000	0.000000	1.000000	0.000000	1.000000	0.000000	1.000000	1.000000	0.000000	0.000000	0.000000	0.000000	null	

Valores xSy
5
7
7
9
9
7
10
13
7
7
11
8
7
8
12
6
10
5
9
10
7
10
12
10
5
12
9
11
12
10

Valores xPry
24
22
11
3
2
11
3
0
7
7
2
4
2
1
0
2
2
24
2
3
2
4
0
4
24
0
0
1
1
3