0.000000 0.132751 0.000000
0.000000 0.133266 0.010113
0.000000 0.078646 0.045149
0.000000 0.398727 0.001992
0.123840 0.000000 0.006070
0.000000 0.129585 0.045652
0.000000 0.000000 0.120561
0.000000 0.000000 0.419751
0.002710 0.254888 0.000000
0.000000 0.213204 0.000000
0.000000 0.000000 0.227752
0.000000 0.330776 0.000000
0.097480 0.016508 0.000000
0.222926 0.000000 0.000000
0.000000 0.598833 0.001102
0.041094 0.022559 0.061715
0.000000 0.499884 0.000000
0.000000 0.126768 0.004006
0.122562 0.000000 0.013679
0.000000 0.021529 0.130831
0.125375 0.000000 0.001906
0.026990 0.000000 0.101763
0.000000 0.785907 0.000000
0.015381 0.014667 0.104377
0.000000 0.089669 0.002376
0.000000 0.723714 0.000000
0.333020 0.014777 0.000000
0.000000 0.578283 0.000000
0.000000 0.000000 0.377907
0.000000 0.017861 0.145866